[[I@5c6b29e6
Population{classIndex=1, chromosomes=[Chromosome{
genes=
[allelies=[1, 1, 1, 0, 0, 1, 1, 1, 1, 1]
, allelies=[0, 1, 1, 0, 0, 1, 0, 1, 1, 0]
, allelies=[1, 1, 1, 0, 0, 1, 0, 0, 1, 0]
, allelies=[0, 1, 1, 0, 1, 0, 0, 0, 0, 1]
, allelies=[1, 1, 1, 0, 0, 0, 0, 1, 1, 1]
, allelies=[1, 1, 0, 0, 1, 0, 0, 1, 1, 1]
, allelies=[1, 1, 0, 0, 0, 0, 0, 0, 0, 1]
, allelies=[1, 1, 1, 0, 0, 1, 0, 0, 0, 1]
, allelies=[0, 1, 1, 0, 1, 0, 0, 1, 0, 1]
, allelies=[1, 1, 1, 1, 0, 1, 0, 1, 1, 0]
, allelies=[0, 1, 1, 1, 1, 1, 0, 0, 1, 1]
, allelies=[0, 1, 1, 0, 0, 1, 1, 1, 1, 1]
, allelies=[1, 1, 1, 0, 1, 0, 0, 0, 1, 1]
, allelies=[1, 0, 1, 1, 1, 1, 0, 1, 1, 1]
, allelies=[0, 0, 1, 0, 0, 1, 0, 1, 0, 1]
, allelies=[0, 1, 1, 0, 0, 1, 0, 1, 1, 1]
, allelies=[1, 1, 1, 1, 1, 1, 0, 0, 1, 1]
, allelies=[1, 1, 1, 0, 0, 1, 0, 1, 1, 0]
, allelies=[1, 1, 0, 0, 1, 0, 1, 1, 1, 1]
, allelies=[0, 1, 1, 0, 0, 1, 1, 1, 1, 1]
, allelies=[1, 0, 1, 0, 0, 0, 0, 1, 1, 1]
, allelies=[1, 0, 1, 0, 1, 0, 1, 1, 1, 1]
, allelies=[0, 1, 1, 0, 1, 0, 0, 0, 1, 1]
, allelies=[1, 0, 1, 1, 0, 0, 1, 1, 1, 0]
, allelies=[1, 1, 1, 0, 0, 1, 1, 1, 1, 0]
, allelies=[1, 1, 0, 1, 1, 0, 0, 1, 1, 0]
, allelies=[0, 1, 1, 1, 1, 1, 1, 1, 0, 1]
, allelies=[0, 0, 1, 0, 0, 1, 0, 1, 0, 1]
, allelies=[1, 1, 1, 0, 0, 1, 1, 0, 1, 1]
, allelies=[1, 1, 1, 0, 1, 0, 0, 1, 1, 1]
, allelies=[0, 1, 1, 0, 1, 0, 0, 0, 1, 0]
, allelies=[1, 1, 1, 0, 0, 1, 0, 1, 1, 1]
]
}, Chromosome{
genes=
[allelies=[1, 1, 1, 0, 0, 1, 1, 1, 0, 1]
, allelies=[1, 1, 1, 0, 0, 1, 0, 1, 1, 1]
, allelies=[1, 1, 1, 0, 0, 1, 1, 1, 1, 1]
, allelies=[0, 1, 0, 0, 1, 0, 0, 1, 1, 1]
, allelies=[0, 1, 0, 0, 0, 0, 1, 1, 1, 1]
, allelies=[1, 1, 0, 1, 1, 0, 0, 1, 1, 0]
, allelies=[0, 1, 0, 0, 0, 1, 1, 1, 0, 0]
, allelies=[1, 0, 1, 1, 0, 0, 1, 1, 1, 0]
, allelies=[1, 0, 1, 0, 0, 1, 0, 1, 0, 0]
, allelies=[0, 1, 1, 1, 1, 1, 0, 0, 1, 1]
, allelies=[1, 0, 1, 0, 1, 0, 0, 0, 0, 0]
, allelies=[1, 1, 1, 0, 0, 1, 1, 1, 1, 1]
, allelies=[0, 1, 1, 0, 1, 1, 1, 1, 1, 0]
, allelies=[0, 1, 0, 0, 0, 0, 0, 0, 1, 0]
, allelies=[0, 1, 1, 0, 0, 1, 0, 1, 1, 0]
, allelies=[1, 1, 0, 0, 0, 1, 0, 1, 1, 1]
, allelies=[1, 0, 1, 0, 1, 0, 1, 1, 1, 1]
, allelies=[0, 1, 1, 0, 0, 1, 0, 1, 0, 1]
, allelies=[0, 1, 0, 0, 1, 1, 1, 1, 0, 1]
, allelies=[0, 1, 1, 0, 1, 0, 0, 0, 1, 1]
, allelies=[1, 0, 1, 1, 1, 1, 0, 1, 1, 1]
, allelies=[1, 0, 1, 0, 0, 1, 1, 1, 0, 0]
, allelies=[0, 1, 0, 0, 1, 0, 0, 0, 1, 1]
, allelies=[1, 1, 0, 0, 1, 0, 0, 1, 1, 1]
, allelies=[0, 1, 1, 0, 1, 0, 0, 1, 0, 1]
, allelies=[1, 1, 0, 0, 0, 0, 0, 0, 0, 1]
, allelies=[0, 1, 1, 0, 0, 1, 1, 1, 1, 1]
, allelies=[1, 0, 1, 1, 0, 1, 1, 1, 1, 1]
, allelies=[0, 1, 1, 0, 1, 0, 0, 0, 1, 0]
, allelies=[0, 1, 1, 0, 0, 1, 0, 1, 0, 1]
, allelies=[1, 1, 1, 1, 1, 1, 0, 0, 1, 1]
, allelies=[1, 1, 1, 1, 0, 0, 0, 1, 1, 1]
]
}, Chromosome{
genes=
[allelies=[1, 1, 1, 0, 0, 1, 1, 1, 0, 1]
, allelies=[1, 1, 1, 0, 0, 1, 0, 1, 1, 1]
, allelies=[1, 1, 1, 0, 0, 1, 1, 1, 1, 1]
, allelies=[0, 1, 0, 0, 1, 0, 0, 1, 1, 1]
, allelies=[0, 1, 0, 0, 0, 0, 1, 1, 1, 1]
, allelies=[1, 1, 0, 1, 1, 0, 0, 1, 1, 0]
, allelies=[0, 1, 0, 0, 0, 1, 1, 1, 0, 0]
, allelies=[1, 0, 1, 1, 0, 0, 1, 1, 1, 0]
, allelies=[1, 0, 1, 0, 0, 1, 0, 1, 0, 0]
, allelies=[0, 1, 1, 1, 1, 1, 0, 0, 1, 1]
, allelies=[1, 0, 1, 0, 1, 0, 0, 0, 0, 0]
, allelies=[1, 1, 1, 0, 0, 1, 1, 1, 1, 1]
, allelies=[0, 1, 1, 0, 1, 1, 1, 1, 1, 0]
, allelies=[0, 1, 0, 0, 0, 0, 0, 0, 1, 0]
, allelies=[0, 1, 1, 0, 0, 1, 0, 1, 1, 0]
, allelies=[1, 1, 0, 0, 0, 1, 0, 1, 1, 1]
, allelies=[1, 0, 1, 0, 1, 0, 1, 1, 1, 1]
, allelies=[0, 1, 1, 0, 0, 1, 0, 1, 0, 1]
, allelies=[0, 1, 0, 0, 1, 1, 1, 1, 0, 1]
, allelies=[0, 1, 1, 0, 1, 0, 0, 0, 1, 1]
, allelies=[1, 0, 1, 1, 1, 1, 0, 1, 1, 1]
, allelies=[1, 0, 1, 0, 0, 1, 1, 1, 0, 0]
, allelies=[0, 1, 0, 0, 1, 0, 0, 0, 1, 1]
, allelies=[1, 1, 0, 0, 1, 0, 0, 1, 1, 1]
, allelies=[0, 1, 1, 0, 1, 0, 0, 1, 0, 1]
, allelies=[1, 1, 0, 0, 0, 0, 0, 0, 0, 1]
, allelies=[0, 1, 1, 0, 0, 1, 1, 1, 1, 1]
, allelies=[1, 0, 1, 1, 0, 1, 1, 1, 1, 1]
, allelies=[0, 1, 1, 0, 1, 0, 0, 0, 1, 0]
, allelies=[0, 1, 1, 0, 0, 1, 0, 1, 0, 1]
, allelies=[1, 1, 1, 1, 1, 1, 0, 0, 1, 1]
, allelies=[1, 1, 1, 1, 0, 0, 0, 1, 1, 1]
]
}, Chromosome{
genes=
[allelies=[1, 1, 1, 0, 0, 1, 0, 1, 1, 1]
, allelies=[1, 1, 0, 0, 0, 0, 1, 1, 1, 1]
, allelies=[0, 1, 0, 0, 1, 0, 0, 0, 1, 1]
, allelies=[1, 1, 1, 0, 0, 0, 1, 1, 1, 1]
, allelies=[1, 1, 0, 0, 0, 0, 0, 0, 0, 0]
, allelies=[1, 0, 1, 0, 0, 1, 0, 1, 0, 0]
, allelies=[1, 1, 1, 0, 1, 0, 0, 1, 1, 1]
, allelies=[1, 1, 1, 0, 0, 1, 1, 1, 0, 1]
, allelies=[1, 1, 0, 1, 1, 0, 0, 1, 1, 0]
, allelies=[0, 1, 1, 0, 0, 1, 0, 1, 0, 1]
, allelies=[1, 1, 1, 0, 0, 1, 1, 1, 1, 1]
, allelies=[1, 1, 1, 0, 0, 0, 0, 1, 0, 0]
, allelies=[1, 0, 1, 0, 1, 0, 1, 1, 1, 1]
, allelies=[1, 1, 0, 1, 0, 0, 1, 1, 1, 1]
, allelies=[1, 1, 0, 0, 1, 0, 1, 0, 1, 1]
, allelies=[1, 0, 1, 0, 1, 0, 0, 0, 0, 0]
, allelies=[1, 1, 1, 0, 0, 1, 0, 1, 1, 1]
, allelies=[1, 1, 1, 0, 0, 1, 1, 1, 1, 1]
, allelies=[0, 1, 1, 0, 0, 1, 1, 1, 0, 1]
, allelies=[1, 0, 1, 1, 0, 1, 1, 1, 1, 1]
, allelies=[1, 1, 0, 0, 1, 0, 1, 1, 1, 1]
, allelies=[0, 1, 1, 1, 1, 1, 1, 1, 0, 1]
, allelies=[0, 1, 1, 0, 0, 0, 0, 0, 0, 1]
, allelies=[0, 1, 1, 0, 1, 0, 0, 0, 1, 1]
, allelies=[0, 1, 0, 0, 0, 0, 1, 1, 1, 1]
, allelies=[0, 1, 1, 0, 0, 1, 1, 1, 1, 1]
, allelies=[0, 1, 1, 0, 0, 0, 1, 1, 0, 1]
, allelies=[1, 1, 1, 0, 0, 0, 0, 1, 1, 1]
, allelies=[0, 1, 0, 0, 1, 0, 0, 1, 1, 1]
, allelies=[1, 1, 1, 0, 0, 1, 0, 1, 1, 0]
, allelies=[1, 1, 0, 0, 0, 0, 0, 0, 0, 1]
, allelies=[1, 0, 1, 1, 1, 1, 0, 1, 1, 1]
]
}, Chromosome{
genes=
[allelies=[0, 1, 1, 0, 1, 0, 0, 0, 1, 0]
, allelies=[0, 1, 0, 0, 0, 0, 0, 0, 1, 0]
, allelies=[1, 1, 1, 0, 0, 1, 0, 1, 1, 1]
, allelies=[0, 1, 1, 0, 1, 0, 0, 0, 1, 1]
, allelies=[1, 1, 1, 1, 0, 1, 0, 1, 1, 0]
, allelies=[1, 1, 1, 0, 1, 0, 0, 1, 1, 1]
, allelies=[1, 1, 1, 0, 0, 0, 1, 1, 1, 0]
, allelies=[1, 1, 0, 0, 1, 0, 1, 0, 1, 1]
, allelies=[0, 1, 1, 0, 0, 1, 1, 1, 1, 1]
, allelies=[1, 1, 0, 0, 0, 0, 1, 1, 1, 1]
, allelies=[1, 0, 1, 0, 1, 1, 0, 1, 0, 0]
, allelies=[0, 1, 1, 1, 1, 1, 0, 0, 1, 1]
, allelies=[0, 1, 0, 0, 1, 0, 0, 1, 1, 1]
, allelies=[1, 0, 1, 0, 1, 0, 0, 0, 0, 0]
, allelies=[0, 1, 0, 0, 0, 0, 1, 1, 0, 0]
, allelies=[0, 1, 1, 0, 0, 0, 1, 1, 0, 1]
, allelies=[1, 1, 0, 0, 1, 0, 0, 1, 1, 1]
, allelies=[1, 0, 0, 1, 0, 0, 1, 1, 1, 1]
, allelies=[1, 1, 1, 0, 0, 1, 1, 1, 0, 1]
, allelies=[1, 0, 1, 1, 0, 1, 1, 1, 1, 1]
, allelies=[1, 1, 1, 0, 0, 1, 1, 1, 1, 1]
, allelies=[1, 1, 1, 1, 0, 1, 0, 1, 0, 1]
, allelies=[0, 1, 1, 0, 0, 1, 1, 1, 0, 1]
, allelies=[1, 1, 1, 0, 0, 1, 1, 1, 1, 1]
, allelies=[1, 1, 0, 0, 0, 0, 0, 0, 0, 1]
, allelies=[1, 0, 1, 0, 1, 0, 1, 1, 1, 1]
, allelies=[1, 1, 1, 0, 0, 0, 0, 1, 0, 0]
, allelies=[1, 1, 1, 0, 0, 1, 1, 0, 1, 1]
, allelies=[1, 1, 1, 0, 0, 1, 0, 1, 1, 1]
, allelies=[1, 1, 1, 0, 0, 0, 1, 1, 1, 1]
, allelies=[0, 1, 1, 0, 0, 1, 1, 1, 1, 1]
, allelies=[1, 1, 0, 0, 0, 0, 0, 1, 1, 1]
]
}, Chromosome{
genes=
[allelies=[1, 1, 1, 0, 0, 1, 1, 1, 0, 1]
, allelies=[1, 1, 1, 0, 0, 1, 0, 1, 1, 1]
, allelies=[1, 1, 1, 0, 0, 1, 1, 1, 1, 1]
, allelies=[0, 1, 0, 0, 1, 0, 0, 1, 1, 1]
, allelies=[0, 1, 0, 0, 0, 0, 1, 1, 1, 1]
, allelies=[1, 1, 0, 1, 1, 0, 0, 1, 1, 0]
, allelies=[0, 1, 0, 0, 0, 1, 1, 1, 0, 0]
, allelies=[1, 0, 1, 1, 0, 0, 1, 1, 1, 0]
, allelies=[1, 0, 1, 0, 0, 1, 0, 1, 0, 0]
, allelies=[0, 1, 1, 1, 1, 1, 0, 0, 1, 1]
, allelies=[1, 0, 1, 0, 1, 0, 0, 0, 0, 0]
, allelies=[1, 1, 1, 0, 0, 1, 1, 1, 1, 1]
, allelies=[0, 1, 1, 0, 1, 1, 1, 1, 1, 0]
, allelies=[0, 1, 0, 0, 0, 0, 0, 0, 1, 0]
, allelies=[0, 1, 1, 0, 0, 1, 0, 1, 1, 0]
, allelies=[1, 1, 0, 0, 0, 1, 0, 1, 1, 1]
, allelies=[1, 0, 1, 0, 1, 0, 1, 1, 1, 1]
, allelies=[0, 1, 1, 0, 0, 1, 0, 1, 0, 1]
, allelies=[0, 1, 0, 0, 1, 1, 1, 1, 0, 1]
, allelies=[0, 1, 1, 0, 1, 0, 0, 0, 1, 1]
, allelies=[1, 0, 1, 1, 1, 1, 0, 1, 1, 1]
, allelies=[1, 0, 1, 0, 0, 1, 1, 1, 0, 0]
, allelies=[0, 1, 0, 0, 1, 0, 0, 0, 1, 1]
, allelies=[1, 1, 0, 0, 1, 0, 0, 1, 1, 1]
, allelies=[0, 1, 1, 0, 1, 0, 0, 1, 0, 1]
, allelies=[1, 1, 0, 0, 0, 0, 0, 0, 0, 1]
, allelies=[0, 1, 1, 0, 0, 1, 1, 1, 1, 1]
, allelies=[1, 0, 1, 1, 0, 1, 1, 1, 1, 1]
, allelies=[0, 1, 1, 0, 1, 0, 0, 0, 1, 0]
, allelies=[0, 1, 1, 0, 0, 1, 0, 1, 0, 1]
, allelies=[1, 1, 1, 1, 1, 1, 0, 0, 1, 1]
, allelies=[1, 1, 1, 1, 0, 0, 0, 1, 1, 1]
]
}, Chromosome{
genes=
[allelies=[1, 1, 0, 0, 0, 0, 0, 0, 0, 0]
, allelies=[1, 1, 1, 0, 0, 1, 0, 1, 1, 1]
, allelies=[1, 1, 1, 1, 1, 1, 0, 0, 1, 1]
, allelies=[0, 1, 0, 0, 0, 0, 1, 1, 1, 1]
, allelies=[1, 0, 1, 0, 1, 0, 0, 0, 0, 0]
, allelies=[1, 1, 1, 1, 0, 1, 0, 1, 0, 1]
, allelies=[0, 1, 1, 0, 1, 0, 0, 0, 1, 0]
, allelies=[0, 1, 1, 0, 0, 1, 1, 1, 0, 1]
, allelies=[1, 1, 1, 0, 0, 1, 0, 0, 0, 1]
, allelies=[0, 1, 1, 0, 0, 1, 0, 1, 1, 1]
, allelies=[1, 0, 1, 0, 1, 1, 1, 1, 1, 0]
, allelies=[1, 1, 1, 0, 0, 0, 1, 1, 1, 1]
, allelies=[0, 1, 1, 0, 1, 0, 0, 1, 0, 1]
, allelies=[1, 0, 1, 0, 1, 0, 1, 1, 1, 1]
, allelies=[0, 1, 0, 0, 0, 0, 0, 0, 1, 0]
, allelies=[0, 1, 1, 0, 0, 1, 1, 1, 1, 1]
, allelies=[1, 0, 1, 0, 1, 0, 1, 1, 1, 1]
, allelies=[1, 1, 1, 0, 0, 0, 0, 1, 1, 1]
, allelies=[1, 0, 1, 1, 0, 1, 1, 1, 1, 1]
, allelies=[1, 1, 1, 0, 0, 0, 0, 1, 0, 0]
, allelies=[1, 1, 1, 0, 0, 1, 1, 1, 1, 0]
, allelies=[0, 1, 1, 0, 0, 0, 1, 1, 0, 1]
, allelies=[1, 1, 1, 0, 0, 1, 0, 1, 1, 0]
, allelies=[0, 1, 0, 0, 1, 1, 1, 1, 0, 1]
, allelies=[0, 1, 0, 0, 0, 0, 1, 1, 0, 0]
, allelies=[1, 1, 1, 0, 0, 1, 1, 1, 1, 1]
, allelies=[1, 0, 1, 1, 0, 0, 1, 1, 1, 0]
, allelies=[1, 1, 1, 1, 1, 0, 0, 0, 1, 1]
, allelies=[0, 1, 1, 0, 0, 1, 0, 1, 1, 0]
, allelies=[0, 1, 1, 0, 0, 1, 1, 1, 1, 1]
, allelies=[0, 1, 1, 0, 1, 0, 0, 0, 1, 0]
, allelies=[1, 1, 0, 0, 0, 1, 0, 1, 1, 1]
]
}, Chromosome{
genes=
[allelies=[1, 1, 0, 0, 0, 0, 0, 0, 0, 0]
, allelies=[1, 1, 1, 0, 0, 1, 0, 1, 1, 1]
, allelies=[1, 1, 1, 1, 1, 1, 0, 0, 1, 1]
, allelies=[0, 1, 0, 0, 0, 0, 1, 1, 1, 1]
, allelies=[1, 0, 1, 0, 1, 0, 0, 0, 0, 0]
, allelies=[1, 1, 1, 1, 0, 1, 0, 1, 0, 1]
, allelies=[0, 1, 1, 0, 1, 0, 0, 0, 1, 0]
, allelies=[0, 1, 1, 0, 0, 1, 1, 1, 0, 1]
, allelies=[1, 1, 1, 0, 0, 1, 0, 0, 0, 1]
, allelies=[0, 1, 1, 0, 0, 1, 0, 1, 1, 1]
, allelies=[1, 0, 1, 0, 1, 1, 1, 1, 1, 0]
, allelies=[1, 1, 1, 0, 0, 0, 1, 1, 1, 1]
, allelies=[0, 1, 1, 0, 1, 0, 0, 1, 0, 1]
, allelies=[1, 0, 1, 0, 1, 0, 1, 1, 1, 1]
, allelies=[0, 1, 0, 0, 0, 0, 0, 0, 1, 0]
, allelies=[0, 1, 1, 0, 0, 1, 1, 1, 1, 1]
, allelies=[1, 0, 1, 0, 1, 0, 1, 1, 1, 1]
, allelies=[1, 1, 1, 0, 0, 0, 0, 1, 1, 1]
, allelies=[1, 0, 1, 1, 0, 1, 1, 1, 1, 1]
, allelies=[1, 1, 1, 0, 0, 0, 0, 1, 0, 0]
, allelies=[1, 1, 1, 0, 0, 1, 1, 1, 1, 0]
, allelies=[0, 1, 1, 0, 0, 0, 1, 1, 0, 1]
, allelies=[1, 1, 1, 0, 0, 1, 0, 1, 1, 0]
, allelies=[0, 1, 0, 0, 1, 1, 1, 1, 0, 1]
, allelies=[0, 1, 0, 0, 0, 0, 1, 1, 0, 0]
, allelies=[1, 1, 1, 0, 0, 1, 1, 1, 1, 1]
, allelies=[1, 0, 1, 1, 0, 0, 1, 1, 1, 0]
, allelies=[1, 1, 1, 1, 1, 0, 0, 0, 1, 1]
, allelies=[0, 1, 1, 0, 0, 1, 0, 1, 1, 0]
, allelies=[0, 1, 1, 0, 0, 1, 1, 1, 1, 1]
, allelies=[0, 1, 1, 0, 1, 0, 0, 0, 1, 0]
, allelies=[1, 1, 0, 0, 0, 1, 0, 1, 1, 1]
]
}, Chromosome{
genes=
[allelies=[0, 1, 1, 0, 1, 0, 0, 1, 0, 1]
, allelies=[1, 1, 1, 0, 0, 0, 0, 1, 0, 0]
, allelies=[1, 0, 1, 0, 1, 0, 1, 1, 1, 1]
, allelies=[0, 1, 1, 1, 1, 1, 0, 0, 1, 1]
, allelies=[0, 1, 1, 0, 0, 1, 1, 1, 1, 1]
, allelies=[0, 1, 1, 0, 0, 1, 1, 1, 1, 1]
, allelies=[1, 1, 1, 0, 0, 0, 1, 1, 1, 1]
, allelies=[1, 1, 1, 0, 0, 1, 1, 1, 1, 1]
, allelies=[0, 1, 1, 0, 0, 1, 1, 1, 0, 1]
, allelies=[0, 1, 1, 0, 1, 0, 0, 0, 0, 1]
, allelies=[1, 1, 1, 0, 0, 1, 1, 1, 0, 1]
, allelies=[0, 1, 1, 0, 0, 1, 0, 1, 1, 0]
, allelies=[1, 0, 1, 0, 1, 0, 0, 0, 0, 0]
, allelies=[1, 1, 1, 0, 0, 1, 0, 0, 1, 0]
, allelies=[1, 1, 1, 1, 0, 1, 0, 1, 1, 0]
, allelies=[1, 1, 1, 0, 0, 1, 0, 1, 1, 1]
, allelies=[1, 1, 1, 0, 0, 1, 1, 1, 1, 0]
, allelies=[1, 1, 1, 0, 1, 0, 0, 1, 1, 1]
, allelies=[1, 1, 0, 0, 0, 0, 0, 1, 1, 1]
, allelies=[0, 1, 1, 0, 0, 1, 0, 1, 1, 0]
, allelies=[1, 1, 1, 0, 1, 0, 0, 0, 1, 1]
, allelies=[0, 1, 1, 0, 0, 1, 0, 1, 0, 1]
, allelies=[1, 1, 1, 0, 0, 1, 0, 1, 1, 0]
, allelies=[0, 1, 1, 0, 0, 0, 0, 1, 1, 1]
, allelies=[0, 1, 0, 0, 1, 0, 0, 1, 1, 1]
, allelies=[0, 1, 1, 0, 1, 0, 0, 0, 1, 1]
, allelies=[1, 0, 1, 1, 0, 1, 1, 1, 1, 1]
, allelies=[1, 1, 0, 0, 0, 0, 1, 1, 1, 1]
, allelies=[0, 1, 1, 0, 0, 1, 1, 1, 1, 1]
, allelies=[1, 1, 0, 0, 1, 0, 0, 1, 1, 1]
, allelies=[1, 0, 1, 1, 1, 1, 0, 1, 1, 1]
, allelies=[1, 0, 1, 0, 1, 0, 0, 0, 0, 0]
]
}, Chromosome{
genes=
[allelies=[1, 1, 1, 1, 0, 0, 0, 1, 1, 1]
, allelies=[1, 1, 0, 0, 0, 0, 0, 0, 0, 1]
, allelies=[1, 1, 0, 0, 1, 0, 1, 1, 1, 1]
, allelies=[0, 1, 1, 0, 0, 1, 0, 1, 0, 1]
, allelies=[1, 1, 0, 0, 0, 1, 0, 1, 1, 1]
, allelies=[0, 1, 0, 0, 0, 0, 0, 0, 1, 0]
, allelies=[0, 1, 1, 0, 0, 1, 1, 1, 1, 1]
, allelies=[0, 1, 1, 0, 0, 1, 0, 1, 1, 0]
, allelies=[1, 1, 1, 0, 0, 0, 0, 0, 0, 0]
, allelies=[1, 1, 0, 0, 0, 0, 1, 1, 1, 1]
, allelies=[0, 1, 1, 0, 0, 1, 1, 1, 1, 1]
, allelies=[1, 1, 1, 1, 0, 1, 0, 1, 1, 0]
, allelies=[0, 1, 1, 0, 0, 1, 1, 1, 0, 1]
, allelies=[1, 0, 1, 0, 0, 1, 0, 1, 0, 0]
, allelies=[1, 1, 1, 0, 0, 1, 1, 1, 0, 1]
, allelies=[0, 1, 1, 0, 1, 0, 0, 0, 1, 0]
, allelies=[1, 1, 1, 0, 0, 1, 0, 1, 1, 1]
, allelies=[1, 1, 1, 0, 0, 0, 1, 1, 1, 1]
, allelies=[0, 1, 0, 0, 0, 0, 1, 1, 0, 0]
, allelies=[1, 1, 1, 0, 0, 1, 1, 1, 1, 0]
, allelies=[1, 1, 0, 0, 0, 0, 1, 1, 1, 0]
, allelies=[1, 1, 1, 0, 1, 1, 0, 0, 1, 1]
, allelies=[0, 1, 1, 0, 0, 1, 1, 1, 1, 1]
, allelies=[1, 1, 1, 0, 0, 1, 0, 1, 1, 1]
, allelies=[1, 0, 1, 0, 1, 0, 1, 1, 1, 1]
, allelies=[1, 1, 1, 0, 0, 1, 1, 1, 1, 1]
, allelies=[1, 0, 1, 1, 1, 1, 0, 1, 1, 1]
, allelies=[0, 1, 0, 0, 1, 0, 0, 0, 1, 1]
, allelies=[0, 1, 0, 0, 0, 0, 1, 1, 1, 1]
, allelies=[0, 1, 1, 0, 1, 0, 0, 1, 0, 1]
, allelies=[1, 1, 1, 0, 0, 1, 0, 1, 1, 1]
, allelies=[0, 1, 1, 0, 1, 0, 0, 0, 1, 0]
]
}, Chromosome{
genes=
[allelies=[0, 1, 1, 0, 0, 1, 1, 1, 0, 1]
, allelies=[1, 1, 1, 0, 0, 1, 0, 0, 1, 0]
, allelies=[1, 1, 0, 0, 0, 0, 1, 1, 1, 1]
, allelies=[0, 1, 1, 0, 0, 1, 1, 1, 1, 1]
, allelies=[0, 1, 0, 0, 1, 0, 0, 0, 1, 1]
, allelies=[1, 0, 1, 0, 1, 0, 0, 0, 0, 0]
, allelies=[1, 1, 0, 0, 1, 0, 1, 0, 1, 1]
, allelies=[0, 1, 1, 0, 1, 0, 0, 0, 1, 1]
, allelies=[1, 1, 1, 0, 0, 1, 1, 1, 1, 1]
, allelies=[1, 1, 0, 0, 1, 0, 1, 1, 1, 1]
, allelies=[1, 1, 1, 0, 0, 0, 1, 1, 1, 1]
, allelies=[1, 0, 1, 1, 0, 0, 1, 1, 1, 0]
, allelies=[1, 1, 1, 0, 0, 1, 1, 1, 0, 1]
, allelies=[1, 1, 0, 1, 1, 0, 0, 1, 1, 0]
, allelies=[0, 1, 1, 0, 0, 1, 0, 1, 1, 0]
, allelies=[0, 1, 1, 1, 1, 1, 0, 0, 1, 1]
, allelies=[1, 0, 1, 0, 1, 1, 0, 1, 0, 0]
, allelies=[1, 1, 1, 0, 0, 0, 1, 1, 1, 1]
, allelies=[0, 1, 1, 0, 0, 1, 1, 1, 1, 1]
, allelies=[0, 1, 1, 0, 0, 1, 1, 1, 1, 1]
, allelies=[1, 0, 1, 0, 1, 0, 1, 1, 1, 1]
, allelies=[1, 0, 1, 0, 1, 1, 1, 1, 1, 0]
, allelies=[0, 1, 1, 0, 1, 0, 0, 1, 0, 1]
, allelies=[0, 0, 1, 0, 0, 1, 0, 1, 0, 1]
, allelies=[1, 0, 1, 0, 0, 1, 1, 1, 0, 0]
, allelies=[0, 1, 1, 0, 1, 0, 0, 0, 1, 0]
, allelies=[0, 1, 1, 0, 0, 1, 0, 1, 1, 1]
, allelies=[1, 1, 1, 0, 0, 0, 0, 1, 1, 1]
, allelies=[0, 1, 1, 0, 0, 1, 0, 1, 0, 1]
, allelies=[0, 1, 1, 0, 0, 0, 1, 1, 0, 1]
, allelies=[1, 0, 1, 0, 1, 0, 1, 1, 1, 1]
, allelies=[1, 1, 1, 0, 0, 1, 1, 1, 1, 1]
]
}, Chromosome{
genes=
[allelies=[1, 1, 1, 1, 0, 0, 0, 1, 1, 1]
, allelies=[1, 1, 0, 0, 0, 0, 0, 0, 0, 1]
, allelies=[1, 1, 0, 0, 1, 0, 1, 1, 1, 1]
, allelies=[0, 1, 1, 0, 0, 1, 0, 1, 0, 1]
, allelies=[1, 1, 0, 0, 0, 1, 0, 1, 1, 1]
, allelies=[0, 1, 0, 0, 0, 0, 0, 0, 1, 0]
, allelies=[0, 1, 1, 0, 0, 1, 1, 1, 1, 1]
, allelies=[0, 1, 1, 0, 0, 1, 0, 1, 1, 0]
, allelies=[1, 1, 1, 0, 0, 0, 0, 0, 0, 0]
, allelies=[1, 1, 0, 0, 0, 0, 1, 1, 1, 1]
, allelies=[0, 1, 1, 0, 0, 1, 1, 1, 1, 1]
, allelies=[1, 1, 1, 1, 0, 1, 0, 1, 1, 0]
, allelies=[0, 1, 1, 0, 0, 1, 1, 1, 0, 1]
, allelies=[1, 0, 1, 0, 0, 1, 0, 1, 0, 0]
, allelies=[1, 1, 1, 0, 0, 1, 1, 1, 0, 1]
, allelies=[0, 1, 1, 0, 1, 0, 0, 0, 1, 0]
, allelies=[1, 1, 1, 0, 0, 1, 0, 1, 1, 1]
, allelies=[1, 1, 1, 0, 0, 0, 1, 1, 1, 1]
, allelies=[0, 1, 0, 0, 0, 0, 1, 1, 0, 0]
, allelies=[1, 1, 1, 0, 0, 1, 1, 1, 1, 0]
, allelies=[1, 1, 0, 0, 0, 0, 1, 1, 1, 0]
, allelies=[1, 1, 1, 0, 1, 1, 0, 0, 1, 1]
, allelies=[0, 1, 1, 0, 0, 1, 1, 1, 1, 1]
, allelies=[1, 1, 1, 0, 0, 1, 0, 1, 1, 1]
, allelies=[1, 0, 1, 0, 1, 0, 1, 1, 1, 1]
, allelies=[1, 1, 1, 0, 0, 1, 1, 1, 1, 1]
, allelies=[1, 0, 1, 1, 1, 1, 0, 1, 1, 1]
, allelies=[0, 1, 0, 0, 1, 0, 0, 0, 1, 1]
, allelies=[0, 1, 0, 0, 0, 0, 1, 1, 1, 1]
, allelies=[0, 1, 1, 0, 1, 0, 0, 1, 0, 1]
, allelies=[1, 1, 1, 0, 0, 1, 0, 1, 1, 1]
, allelies=[0, 1, 1, 0, 1, 0, 0, 0, 1, 0]
]
}, Chromosome{
genes=
[allelies=[1, 1, 1, 1, 0, 0, 0, 1, 1, 1]
, allelies=[1, 1, 0, 0, 0, 0, 0, 0, 0, 1]
, allelies=[1, 1, 0, 0, 1, 0, 1, 1, 1, 1]
, allelies=[0, 1, 1, 0, 0, 1, 0, 1, 0, 1]
, allelies=[1, 1, 0, 0, 0, 1, 0, 1, 1, 1]
, allelies=[0, 1, 0, 0, 0, 0, 0, 0, 1, 0]
, allelies=[0, 1, 1, 0, 0, 1, 1, 1, 1, 1]
, allelies=[0, 1, 1, 0, 0, 1, 0, 1, 1, 0]
, allelies=[1, 1, 1, 0, 0, 0, 0, 0, 0, 0]
, allelies=[1, 1, 0, 0, 0, 0, 1, 1, 1, 1]
, allelies=[0, 1, 1, 0, 0, 1, 1, 1, 1, 1]
, allelies=[1, 1, 1, 1, 0, 1, 0, 1, 1, 0]
, allelies=[0, 1, 1, 0, 0, 1, 1, 1, 0, 1]
, allelies=[1, 0, 1, 0, 0, 1, 0, 1, 0, 0]
, allelies=[1, 1, 1, 0, 0, 1, 1, 1, 0, 1]
, allelies=[0, 1, 1, 0, 1, 0, 0, 0, 1, 0]
, allelies=[1, 1, 1, 0, 0, 1, 0, 1, 1, 1]
, allelies=[1, 1, 1, 0, 0, 0, 1, 1, 1, 1]
, allelies=[0, 1, 0, 0, 0, 0, 1, 1, 0, 0]
, allelies=[1, 1, 1, 0, 0, 1, 1, 1, 1, 0]
, allelies=[1, 1, 0, 0, 0, 0, 1, 1, 1, 0]
, allelies=[1, 1, 1, 0, 1, 1, 0, 0, 1, 1]
, allelies=[0, 1, 1, 0, 0, 1, 1, 1, 1, 1]
, allelies=[1, 1, 1, 0, 0, 1, 0, 1, 1, 1]
, allelies=[1, 0, 1, 0, 1, 0, 1, 1, 1, 1]
, allelies=[1, 1, 1, 0, 0, 1, 1, 1, 1, 1]
, allelies=[1, 0, 1, 1, 1, 1, 0, 1, 1, 1]
, allelies=[0, 1, 0, 0, 1, 0, 0, 0, 1, 1]
, allelies=[0, 1, 0, 0, 0, 0, 1, 1, 1, 1]
, allelies=[0, 1, 1, 0, 1, 0, 0, 1, 0, 1]
, allelies=[1, 1, 1, 0, 0, 1, 0, 1, 1, 1]
, allelies=[0, 1, 1, 0, 1, 0, 0, 0, 1, 0]
]
}, Chromosome{
genes=
[allelies=[0, 1, 1, 0, 0, 1, 1, 1, 0, 1]
, allelies=[1, 1, 1, 0, 0, 0, 0, 1, 1, 1]
, allelies=[1, 1, 1, 0, 0, 1, 1, 1, 1, 1]
, allelies=[1, 0, 1, 0, 1, 0, 1, 1, 1, 1]
, allelies=[1, 1, 1, 0, 0, 0, 1, 1, 1, 1]
, allelies=[0, 1, 1, 0, 0, 1, 1, 1, 1, 1]
, allelies=[1, 1, 1, 0, 0, 1, 0, 1, 1, 1]
, allelies=[0, 1, 0, 0, 0, 0, 1, 1, 1, 1]
, allelies=[0, 1, 1, 0, 0, 1, 0, 1, 0, 1]
, allelies=[1, 0, 1, 0, 0, 0, 0, 1, 1, 1]
, allelies=[1, 1, 1, 0, 0, 0, 0, 1, 0, 0]
, allelies=[1, 1, 1, 0, 0, 1, 1, 1, 0, 1]
, allelies=[0, 1, 1, 1, 1, 1, 0, 0, 1, 1]
, allelies=[1, 0, 1, 0, 1, 0, 0, 0, 0, 0]
, allelies=[1, 1, 1, 1, 0, 1, 0, 1, 0, 1]
, allelies=[1, 1, 0, 0, 0, 0, 0, 1, 1, 1]
, allelies=[1, 1, 0, 0, 1, 0, 1, 0, 1, 1]
, allelies=[0, 1, 1, 0, 0, 1, 0, 1, 1, 0]
, allelies=[0, 1, 1, 0, 0, 1, 1, 1, 1, 1]
, allelies=[1, 1, 1, 0, 0, 1, 0, 1, 1, 1]
, allelies=[0, 1, 1, 0, 0, 1, 1, 1, 1, 0]
, allelies=[1, 0, 0, 1, 1, 0, 0, 0, 1, 0]
, allelies=[0, 1, 0, 0, 0, 0, 0, 0, 1, 0]
, allelies=[1, 1, 0, 0, 0, 0, 1, 1, 1, 1]
, allelies=[1, 1, 1, 0, 0, 1, 1, 0, 1, 1]
, allelies=[1, 0, 1, 0, 1, 0, 0, 0, 0, 0]
, allelies=[1, 1, 1, 1, 0, 1, 0, 1, 1, 0]
, allelies=[0, 1, 1, 0, 0, 1, 0, 1, 1, 1]
, allelies=[1, 0, 1, 1, 1, 1, 0, 1, 1, 1]
, allelies=[0, 1, 1, 0, 0, 1, 0, 1, 1, 0]
, allelies=[0, 1, 1, 0, 0, 1, 1, 1, 1, 1]
, allelies=[1, 1, 1, 0, 0, 0, 1, 1, 1, 0]
]
}, Chromosome{
genes=
[allelies=[1, 1, 1, 0, 0, 1, 0, 1, 1, 1]
, allelies=[0, 1, 0, 0, 0, 0, 1, 1, 1, 1]
, allelies=[1, 1, 1, 0, 1, 0, 0, 1, 1, 1]
, allelies=[1, 0, 1, 0, 1, 0, 0, 0, 0, 0]
, allelies=[1, 0, 1, 0, 0, 1, 0, 1, 0, 0]
, allelies=[0, 1, 1, 0, 0, 1, 1, 1, 0, 1]
, allelies=[0, 1, 1, 0, 0, 1, 1, 1, 1, 1]
, allelies=[0, 1, 0, 0, 0, 0, 0, 0, 1, 0]
, allelies=[1, 1, 0, 0, 0, 0, 0, 1, 1, 1]
, allelies=[0, 1, 1, 0, 0, 1, 1, 1, 0, 1]
, allelies=[1, 1, 1, 0, 0, 1, 0, 1, 1, 0]
, allelies=[0, 1, 1, 1, 1, 1, 1, 1, 0, 1]
, allelies=[0, 1, 1, 0, 0, 1, 1, 1, 1, 1]
, allelies=[1, 1, 1, 0, 0, 1, 1, 1, 1, 1]
, allelies=[0, 0, 1, 0, 0, 1, 0, 1, 0, 1]
, allelies=[1, 1, 1, 0, 0, 1, 1, 0, 1, 1]
, allelies=[1, 1, 1, 0, 1, 0, 0, 0, 1, 1]
, allelies=[1, 0, 1, 0, 1, 0, 1, 1, 1, 1]
, allelies=[1, 1, 1, 0, 0, 0, 0, 1, 1, 1]
, allelies=[0, 1, 1, 0, 0, 1, 0, 1, 0, 1]
, allelies=[1, 1, 1, 0, 1, 1, 0, 0, 1, 1]
, allelies=[0, 1, 1, 0, 1, 0, 0, 0, 1, 1]
, allelies=[1, 0, 1, 1, 1, 1, 0, 1, 1, 1]
, allelies=[1, 1, 1, 1, 0, 0, 0, 1, 1, 1]
, allelies=[1, 1, 0, 0, 1, 0, 1, 1, 1, 1]
, allelies=[0, 1, 1, 0, 0, 1, 0, 1, 1, 1]
, allelies=[1, 1, 1, 1, 1, 1, 0, 0, 1, 1]
, allelies=[1, 0, 1, 0, 1, 1, 0, 1, 0, 0]
, allelies=[1, 1, 0, 0, 0, 0, 1, 1, 1, 0]
, allelies=[1, 1, 1, 0, 0, 1, 0, 1, 1, 1]
, allelies=[0, 1, 1, 0, 0, 1, 1, 1, 1, 0]
, allelies=[1, 1, 0, 0, 1, 0, 0, 1, 1, 1]
]
}, Chromosome{
genes=
[allelies=[1, 1, 0, 0, 1, 0, 0, 1, 1, 1]
, allelies=[1, 1, 0, 1, 0, 1, 0, 1, 1, 1]
, allelies=[1, 0, 1, 0, 1, 0, 0, 0, 0, 0]
, allelies=[0, 0, 1, 1, 1, 1, 0, 0, 1, 1]
, allelies=[1, 1, 0, 0, 0, 0, 1, 1, 1, 0]
, allelies=[0, 1, 1, 0, 0, 1, 0, 1, 0, 1]
, allelies=[1, 1, 1, 0, 0, 1, 1, 1, 1, 0]
, allelies=[1, 1, 1, 0, 0, 1, 1, 1, 1, 1]
, allelies=[1, 0, 1, 0, 1, 1, 1, 1, 1, 0]
, allelies=[0, 1, 1, 0, 0, 1, 1, 1, 0, 1]
, allelies=[0, 1, 1, 0, 0, 1, 1, 1, 1, 1]
, allelies=[1, 1, 1, 1, 0, 1, 0, 1, 1, 0]
, allelies=[1, 1, 1, 0, 0, 0, 0, 1, 1, 1]
, allelies=[1, 1, 1, 0, 0, 1, 1, 1, 1, 0]
, allelies=[1, 1, 1, 0, 0, 0, 0, 1, 0, 0]
, allelies=[1, 0, 1, 0, 1, 0, 0, 0, 0, 0]
, allelies=[1, 1, 0, 0, 0, 0, 1, 1, 1, 1]
, allelies=[0, 1, 1, 0, 1, 0, 0, 1, 0, 1]
, allelies=[1, 1, 1, 0, 0, 1, 0, 1, 1, 1]
, allelies=[0, 1, 1, 0, 1, 0, 0, 0, 1, 0]
, allelies=[1, 1, 1, 0, 0, 0, 1, 1, 1, 1]
, allelies=[0, 1, 1, 0, 0, 1, 1, 1, 1, 1]
, allelies=[1, 1, 1, 0, 0, 1, 1, 1, 1, 1]
, allelies=[1, 1, 1, 0, 0, 1, 1, 1, 1, 1]
, allelies=[1, 1, 1, 0, 0, 1, 1, 0, 1, 1]
, allelies=[1, 0, 1, 0, 0, 0, 0, 1, 1, 1]
, allelies=[0, 1, 1, 1, 1, 1, 1, 1, 0, 1]
, allelies=[0, 0, 1, 0, 0, 1, 0, 1, 0, 1]
, allelies=[0, 1, 1, 0, 0, 1, 1, 1, 1, 0]
, allelies=[0, 1, 1, 0, 0, 0, 1, 1, 0, 1]
, allelies=[1, 1, 1, 1, 1, 1, 0, 0, 1, 1]
, allelies=[1, 0, 1, 0, 1, 1, 0, 1, 0, 0]
]
}, Chromosome{
genes=
[allelies=[1, 1, 1, 0, 0, 1, 0, 1, 1, 1]
, allelies=[0, 1, 0, 0, 0, 0, 1, 1, 1, 1]
, allelies=[1, 1, 1, 0, 1, 0, 0, 1, 1, 1]
, allelies=[1, 0, 1, 0, 1, 0, 0, 0, 0, 0]
, allelies=[1, 0, 1, 0, 0, 1, 0, 1, 0, 0]
, allelies=[0, 1, 1, 0, 0, 1, 1, 1, 0, 1]
, allelies=[0, 1, 1, 0, 0, 1, 1, 1, 1, 1]
, allelies=[0, 1, 0, 0, 0, 0, 0, 0, 1, 0]
, allelies=[1, 1, 0, 0, 0, 0, 0, 1, 1, 1]
, allelies=[0, 1, 1, 0, 0, 1, 1, 1, 0, 1]
, allelies=[1, 1, 1, 0, 0, 1, 0, 1, 1, 0]
, allelies=[0, 1, 1, 1, 1, 1, 1, 1, 0, 1]
, allelies=[0, 1, 1, 0, 0, 1, 1, 1, 1, 1]
, allelies=[1, 1, 1, 0, 0, 1, 1, 1, 1, 1]
, allelies=[0, 0, 1, 0, 0, 1, 0, 1, 0, 1]
, allelies=[1, 1, 1, 0, 0, 1, 1, 0, 1, 1]
, allelies=[1, 1, 1, 0, 1, 0, 0, 0, 1, 1]
, allelies=[1, 0, 1, 0, 1, 0, 1, 1, 1, 1]
, allelies=[1, 1, 1, 0, 0, 0, 0, 1, 1, 1]
, allelies=[0, 1, 1, 0, 0, 1, 0, 1, 0, 1]
, allelies=[1, 1, 1, 0, 1, 1, 0, 0, 1, 1]
, allelies=[0, 1, 1, 0, 1, 0, 0, 0, 1, 1]
, allelies=[1, 0, 1, 1, 1, 1, 0, 1, 1, 1]
, allelies=[1, 1, 1, 1, 0, 0, 0, 1, 1, 1]
, allelies=[1, 1, 0, 0, 1, 0, 1, 1, 1, 1]
, allelies=[0, 1, 1, 0, 0, 1, 0, 1, 1, 1]
, allelies=[1, 1, 1, 1, 1, 1, 0, 0, 1, 1]
, allelies=[1, 0, 1, 0, 1, 1, 0, 1, 0, 0]
, allelies=[1, 1, 0, 0, 0, 0, 1, 1, 1, 0]
, allelies=[1, 1, 1, 0, 0, 1, 0, 1, 1, 1]
, allelies=[0, 1, 1, 0, 0, 1, 1, 1, 1, 0]
, allelies=[1, 1, 0, 0, 1, 0, 0, 1, 1, 1]
]
}, Chromosome{
genes=
[allelies=[1, 1, 1, 0, 0, 1, 1, 1, 1, 1]
, allelies=[0, 1, 0, 0, 1, 1, 1, 1, 0, 1]
, allelies=[0, 1, 1, 1, 1, 1, 0, 0, 1, 1]
, allelies=[1, 1, 1, 0, 0, 1, 1, 0, 0, 1]
, allelies=[1, 1, 0, 1, 0, 1, 0, 1, 1, 1]
, allelies=[1, 1, 1, 0, 0, 1, 0, 1, 1, 1]
, allelies=[0, 0, 1, 0, 0, 1, 0, 1, 0, 1]
, allelies=[1, 0, 1, 1, 0, 1, 1, 1, 1, 1]
, allelies=[0, 1, 1, 0, 1, 0, 0, 1, 0, 1]
, allelies=[1, 1, 1, 1, 1, 1, 0, 0, 1, 1]
, allelies=[1, 1, 1, 0, 0, 1, 1, 1, 1, 1]
, allelies=[1, 1, 1, 0, 0, 0, 0, 1, 0, 0]
, allelies=[1, 1, 1, 1, 0, 1, 0, 1, 0, 1]
, allelies=[0, 1, 1, 0, 1, 0, 0, 0, 1, 0]
, allelies=[0, 1, 1, 0, 1, 0, 0, 0, 1, 0]
, allelies=[1, 1, 1, 0, 0, 0, 1, 1, 1, 1]
, allelies=[0, 1, 0, 0, 1, 0, 0, 0, 1, 1]
, allelies=[0, 1, 1, 0, 0, 1, 0, 1, 0, 1]
, allelies=[1, 1, 1, 0, 0, 1, 1, 1, 0, 1]
, allelies=[1, 0, 1, 0, 1, 1, 1, 1, 1, 0]
, allelies=[0, 1, 1, 0, 0, 1, 0, 1, 1, 0]
, allelies=[0, 1, 1, 0, 0, 1, 0, 1, 1, 0]
, allelies=[0, 1, 1, 0, 0, 1, 1, 1, 1, 1]
, allelies=[1, 0, 1, 0, 1, 0, 1, 1, 1, 1]
, allelies=[0, 1, 1, 0, 0, 1, 0, 1, 0, 1]
, allelies=[1, 1, 0, 0, 1, 0, 1, 1, 1, 1]
, allelies=[1, 1, 1, 0, 0, 1, 1, 0, 1, 1]
, allelies=[0, 1, 1, 0, 0, 0, 1, 1, 0, 1]
, allelies=[1, 1, 1, 0, 0, 1, 0, 0, 1, 0]
, allelies=[1, 1, 1, 0, 0, 1, 0, 0, 0, 1]
, allelies=[0, 1, 1, 1, 1, 1, 1, 1, 0, 1]
, allelies=[1, 1, 1, 0, 0, 1, 0, 1, 1, 1]
]
}, Chromosome{
genes=
[allelies=[0, 1, 0, 0, 1, 0, 0, 1, 1, 1]
, allelies=[1, 0, 1, 0, 1, 1, 1, 1, 1, 0]
, allelies=[0, 1, 1, 0, 0, 1, 1, 1, 0, 1]
, allelies=[1, 0, 1, 0, 1, 0, 1, 1, 1, 1]
, allelies=[1, 0, 1, 0, 0, 1, 1, 1, 0, 0]
, allelies=[0, 1, 1, 0, 0, 1, 1, 1, 1, 1]
, allelies=[1, 0, 1, 1, 0, 0, 1, 1, 1, 0]
, allelies=[1, 1, 1, 0, 0, 0, 0, 1, 0, 0]
, allelies=[1, 1, 1, 0, 0, 1, 0, 0, 1, 0]
, allelies=[1, 1, 1, 0, 1, 0, 0, 0, 1, 1]
, allelies=[0, 1, 1, 0, 1, 0, 0, 0, 1, 0]
, allelies=[1, 1, 1, 0, 0, 1, 0, 0, 0, 1]
, allelies=[1, 1, 0, 1, 0, 1, 0, 1, 1, 1]
, allelies=[1, 0, 1, 0, 0, 1, 0, 1, 0, 0]
, allelies=[1, 1, 0, 0, 1, 0, 1, 1, 1, 1]
, allelies=[0, 1, 1, 0, 0, 0, 1, 1, 1, 0]
, allelies=[1, 1, 1, 0, 0, 1, 1, 1, 1, 1]
, allelies=[1, 1, 1, 0, 0, 1, 1, 1, 1, 1]
, allelies=[0, 0, 1, 0, 0, 1, 0, 1, 0, 1]
, allelies=[1, 1, 1, 1, 0, 0, 0, 1, 1, 1]
, allelies=[1, 0, 1, 1, 1, 1, 0, 1, 1, 1]
, allelies=[1, 1, 1, 0, 0, 1, 1, 1, 1, 1]
, allelies=[1, 1, 1, 0, 0, 1, 1, 1, 1, 0]
, allelies=[0, 1, 1, 1, 1, 1, 0, 0, 1, 1]
, allelies=[1, 1, 0, 1, 0, 0, 1, 1, 1, 1]
, allelies=[0, 1, 1, 0, 0, 1, 1, 1, 1, 1]
, allelies=[0, 1, 1, 0, 0, 1, 0, 1, 1, 0]
, allelies=[1, 1, 1, 0, 0, 1, 1, 1, 1, 0]
, allelies=[1, 1, 1, 0, 0, 1, 1, 1, 0, 1]
, allelies=[1, 1, 1, 0, 0, 1, 1, 1, 1, 1]
, allelies=[1, 1, 0, 0, 1, 0, 1, 0, 1, 1]
, allelies=[0, 1, 0, 0, 1, 0, 0, 0, 1, 1]
]
}, Chromosome{
genes=
[allelies=[0, 1, 1, 0, 1, 0, 0, 0, 1, 0]
, allelies=[0, 1, 1, 0, 0, 0, 0, 0, 0, 1]
, allelies=[1, 1, 1, 0, 0, 0, 1, 1, 1, 1]
, allelies=[0, 1, 1, 1, 1, 1, 1, 1, 0, 1]
, allelies=[0, 1, 1, 1, 1, 1, 0, 0, 1, 1]
, allelies=[0, 1, 1, 0, 0, 1, 1, 1, 1, 0]
, allelies=[1, 1, 1, 0, 1, 1, 0, 0, 1, 1]
, allelies=[1, 1, 1, 0, 0, 0, 0, 1, 1, 1]
, allelies=[1, 1, 0, 0, 1, 0, 1, 0, 1, 1]
, allelies=[0, 1, 0, 0, 0, 0, 1, 1, 0, 0]
, allelies=[1, 0, 1, 1, 0, 1, 1, 1, 1, 1]
, allelies=[1, 1, 1, 0, 0, 1, 1, 1, 1, 1]
, allelies=[1, 1, 1, 0, 0, 0, 1, 1, 1, 0]
, allelies=[1, 0, 1, 0, 1, 0, 0, 0, 0, 0]
, allelies=[0, 1, 1, 0, 0, 1, 1, 1, 1, 1]
, allelies=[1, 0, 1, 0, 1, 0, 1, 1, 1, 1]
, allelies=[1, 1, 0, 0, 0, 0, 1, 1, 1, 0]
, allelies=[1, 0, 1, 0, 1, 1, 0, 1, 0, 0]
, allelies=[1, 1, 1, 1, 0, 1, 0, 1, 1, 0]
, allelies=[0, 1, 1, 0, 0, 0, 1, 1, 0, 1]
, allelies=[1, 1, 1, 1, 0, 0, 0, 1, 1, 1]
, allelies=[0, 1, 1, 0, 1, 0, 0, 1, 0, 1]
, allelies=[1, 1, 0, 0, 0, 0, 0, 0, 0, 0]
, allelies=[1, 0, 1, 0, 1, 1, 1, 1, 1, 0]
, allelies=[1, 1, 1, 0, 0, 1, 1, 1, 1, 0]
, allelies=[0, 1, 0, 0, 0, 0, 1, 1, 1, 1]
, allelies=[1, 1, 1, 0, 0, 1, 1, 1, 1, 1]
, allelies=[0, 1, 1, 0, 0, 1, 1, 1, 1, 1]
, allelies=[1, 1, 1, 0, 0, 1, 1, 1, 0, 1]
, allelies=[1, 1, 0, 0, 1, 0, 0, 1, 1, 1]
, allelies=[1, 1, 1, 0, 0, 1, 1, 1, 1, 1]
, allelies=[1, 0, 1, 1, 1, 0, 1, 1, 1, 0]
]
}, Chromosome{
genes=
[allelies=[0, 1, 1, 0, 1, 0, 0, 0, 1, 0]
, allelies=[0, 1, 1, 0, 0, 0, 0, 0, 0, 1]
, allelies=[1, 1, 1, 0, 0, 0, 1, 1, 1, 1]
, allelies=[0, 1, 1, 1, 0, 0, 1, 0, 1, 1]
, allelies=[1, 1, 1, 1, 0, 1, 0, 0, 0, 1]
, allelies=[1, 0, 1, 1, 0, 0, 1, 1, 1, 1]
, allelies=[1, 0, 1, 1, 0, 1, 0, 0, 0, 1]
, allelies=[1, 0, 1, 1, 0, 1, 0, 0, 1, 0]
, allelies=[1, 0, 1, 1, 0, 0, 1, 1, 1, 1]
, allelies=[1, 1, 0, 1, 0, 1, 0, 0, 0, 0]
, allelies=[0, 1, 0, 1, 0, 0, 1, 1, 1, 0]
, allelies=[0, 1, 1, 0, 1, 1, 0, 0, 1, 1]
, allelies=[0, 1, 1, 1, 0, 0, 0, 1, 1, 1]
, allelies=[1, 1, 1, 1, 0, 0, 1, 0, 1, 1]
, allelies=[1, 0, 1, 1, 0, 1, 0, 0, 0, 0]
, allelies=[1, 1, 1, 1, 0, 1, 0, 0, 1, 1]
, allelies=[1, 0, 1, 1, 0, 0, 1, 0, 1, 1]
, allelies=[1, 1, 1, 1, 0, 0, 0, 1, 1, 1]
, allelies=[1, 0, 1, 1, 0, 1, 0, 1, 1, 0]
, allelies=[0, 1, 1, 0, 0, 0, 1, 1, 0, 1]
, allelies=[1, 1, 1, 1, 0, 0, 0, 1, 1, 1]
, allelies=[0, 1, 1, 0, 1, 0, 0, 1, 0, 1]
, allelies=[1, 1, 0, 0, 0, 0, 0, 0, 0, 0]
, allelies=[1, 0, 1, 0, 1, 1, 1, 1, 1, 0]
, allelies=[1, 1, 1, 0, 0, 1, 1, 1, 1, 0]
, allelies=[0, 1, 0, 0, 0, 0, 1, 1, 1, 1]
, allelies=[1, 1, 1, 0, 0, 1, 1, 1, 1, 1]
, allelies=[0, 1, 1, 0, 0, 1, 1, 1, 1, 1]
, allelies=[1, 1, 1, 0, 0, 1, 1, 1, 0, 1]
, allelies=[1, 1, 0, 0, 1, 0, 0, 1, 1, 1]
, allelies=[1, 1, 1, 0, 0, 1, 1, 1, 1, 1]
, allelies=[1, 0, 1, 1, 0, 0, 1, 1, 1, 0]
]
}, Chromosome{
genes=
[allelies=[1, 1, 1, 0, 0, 1, 0, 1, 1, 0]
, allelies=[1, 0, 1, 1, 0, 0, 1, 1, 1, 0]
, allelies=[0, 1, 1, 1, 1, 1, 0, 0, 1, 1]
, allelies=[1, 0, 1, 0, 1, 1, 1, 1, 1, 1]
, allelies=[1, 1, 1, 0, 0, 1, 0, 1, 1, 1]
, allelies=[0, 1, 0, 0, 1, 0, 0, 1, 1, 1]
, allelies=[1, 1, 0, 0, 0, 0, 1, 1, 1, 1]
, allelies=[1, 1, 0, 0, 0, 0, 0, 1, 1, 1]
, allelies=[1, 1, 0, 0, 1, 0, 1, 0, 1, 1]
, allelies=[1, 1, 0, 1, 0, 0, 1, 1, 1, 1]
, allelies=[0, 1, 1, 0, 0, 1, 1, 1, 0, 1]
, allelies=[1, 1, 1, 0, 0, 1, 1, 1, 0, 1]
, allelies=[1, 0, 1, 0, 1, 0, 1, 1, 1, 1]
, allelies=[1, 1, 1, 0, 0, 1, 0, 1, 1, 1]
, allelies=[1, 1, 1, 0, 0, 0, 0, 1, 1, 1]
, allelies=[1, 1, 0, 0, 1, 0, 1, 1, 1, 1]
, allelies=[1, 1, 1, 0, 0, 0, 1, 1, 1, 1]
, allelies=[0, 1, 1, 0, 1, 0, 0, 0, 1, 0]
, allelies=[1, 1, 0, 0, 0, 1, 0, 1, 1, 1]
, allelies=[0, 1, 1, 0, 1, 0, 0, 1, 0, 1]
, allelies=[1, 1, 1, 0, 0, 0, 1, 1, 1, 0]
, allelies=[1, 1, 1, 0, 0, 0, 1, 1, 1, 1]
, allelies=[0, 1, 0, 0, 0, 0, 1, 1, 0, 0]
, allelies=[1, 1, 0, 0, 1, 0, 0, 1, 1, 1]
, allelies=[1, 1, 1, 0, 1, 0, 0, 0, 1, 1]
, allelies=[0, 1, 1, 0, 0, 1, 0, 1, 1, 0]
, allelies=[1, 0, 0, 1, 1, 0, 0, 0, 1, 0]
, allelies=[1, 1, 1, 0, 0, 1, 1, 1, 0, 1]
, allelies=[1, 1, 1, 0, 0, 1, 1, 1, 1, 0]
, allelies=[1, 1, 1, 1, 1, 1, 0, 0, 1, 1]
, allelies=[0, 1, 1, 0, 0, 1, 1, 1, 1, 1]
, allelies=[1, 1, 1, 0, 0, 1, 0, 1, 1, 1]
]
}, Chromosome{
genes=
[allelies=[0, 1, 0, 0, 0, 0, 1, 1, 1, 1]
, allelies=[1, 1, 1, 1, 1, 0, 0, 0, 1, 1]
, allelies=[1, 0, 1, 1, 1, 1, 0, 1, 1, 1]
, allelies=[1, 1, 0, 0, 0, 0, 1, 1, 1, 0]
, allelies=[0, 1, 1, 0, 0, 1, 1, 1, 1, 0]
, allelies=[1, 1, 1, 0, 0, 1, 0, 1, 1, 1]
, allelies=[1, 1, 0, 0, 0, 0, 0, 0, 0, 0]
, allelies=[0, 1, 1, 0, 1, 0, 0, 0, 0, 1]
, allelies=[1, 1, 1, 0, 0, 1, 0, 1, 1, 1]
, allelies=[0, 1, 1, 0, 0, 1, 1, 1, 1, 1]
, allelies=[1, 0, 1, 0, 0, 0, 0, 1, 1, 1]
, allelies=[0, 1, 1, 1, 1, 1, 1, 1, 0, 1]
, allelies=[0, 1, 0, 0, 0, 0, 1, 1, 0, 0]
, allelies=[1, 1, 0, 0, 0, 0, 0, 1, 1, 1]
, allelies=[1, 1, 1, 0, 0, 0, 0, 1, 1, 1]
, allelies=[1, 1, 0, 0, 1, 0, 1, 0, 1, 1]
, allelies=[1, 1, 1, 0, 0, 1, 0, 1, 1, 0]
, allelies=[1, 1, 1, 0, 0, 0, 0, 1, 0, 0]
, allelies=[0, 1, 0, 0, 1, 0, 0, 0, 1, 1]
, allelies=[0, 1, 0, 0, 1, 1, 1, 1, 0, 1]
, allelies=[1, 1, 0, 0, 0, 0, 0, 0, 0, 1]
, allelies=[0, 0, 1, 0, 0, 1, 0, 1, 0, 1]
, allelies=[1, 0, 1, 1, 0, 0, 1, 1, 1, 0]
, allelies=[1, 1, 1, 0, 0, 1, 1, 1, 1, 1]
, allelies=[1, 1, 0, 0, 0, 0, 1, 1, 1, 1]
, allelies=[0, 1, 1, 0, 0, 0, 0, 0, 0, 1]
, allelies=[0, 1, 1, 0, 0, 1, 0, 1, 0, 1]
, allelies=[0, 1, 1, 0, 0, 1, 0, 1, 1, 1]
, allelies=[0, 1, 1, 0, 0, 1, 0, 1, 1, 0]
, allelies=[0, 1, 1, 0, 0, 1, 1, 1, 0, 1]
, allelies=[1, 0, 1, 0, 0, 1, 0, 1, 0, 0]
, allelies=[1, 1, 1, 0, 1, 1, 0, 0, 1, 1]
]
}, Chromosome{
genes=
[allelies=[1, 1, 1, 0, 0, 1, 1, 1, 1, 1]
, allelies=[1, 1, 0, 0, 0, 0, 1, 1, 1, 1]
, allelies=[1, 0, 1, 0, 1, 0, 0, 0, 0, 0]
, allelies=[1, 1, 1, 0, 0, 0, 0, 1, 1, 1]
, allelies=[1, 1, 0, 1, 1, 0, 0, 1, 1, 0]
, allelies=[1, 1, 1, 0, 1, 1, 0, 0, 1, 1]
, allelies=[0, 1, 1, 0, 0, 1, 1, 1, 1, 1]
, allelies=[0, 1, 0, 0, 1, 0, 0, 1, 1, 1]
, allelies=[1, 0, 1, 1, 1, 1, 0, 1, 1, 1]
, allelies=[1, 1, 1, 0, 0, 0, 1, 1, 1, 1]
, allelies=[0, 1, 1, 0, 0, 1, 1, 1, 0, 1]
, allelies=[0, 1, 1, 0, 0, 1, 0, 1, 1, 0]
, allelies=[1, 1, 1, 1, 0, 1, 0, 1, 0, 1]
, allelies=[1, 1, 1, 0, 1, 0, 0, 0, 1, 1]
, allelies=[0, 1, 1, 0, 0, 1, 1, 1, 1, 0]
, allelies=[1, 0, 0, 1, 1, 0, 0, 0, 1, 0]
, allelies=[0, 1, 1, 0, 0, 0, 0, 0, 0, 1]
, allelies=[0, 1, 1, 0, 1, 0, 0, 0, 0, 1]
, allelies=[1, 1, 1, 0, 0, 1, 1, 0, 1, 1]
, allelies=[1, 1, 0, 0, 0, 0, 0, 0, 0, 1]
, allelies=[1, 1, 1, 0, 0, 0, 1, 1, 1, 1]
, allelies=[1, 1, 1, 0, 0, 0, 1, 1, 1, 0]
, allelies=[1, 1, 0, 1, 0, 1, 0, 1, 1, 1]
, allelies=[0, 1, 1, 0, 0, 1, 0, 1, 1, 0]
, allelies=[0, 1, 0, 0, 1, 0, 0, 0, 1, 1]
, allelies=[1, 1, 1, 1, 1, 1, 0, 0, 1, 1]
, allelies=[0, 1, 1, 0, 0, 1, 0, 1, 0, 1]
, allelies=[1, 0, 1, 0, 0, 1, 0, 1, 0, 0]
, allelies=[1, 1, 1, 0, 0, 1, 1, 1, 0, 1]
, allelies=[1, 1, 0, 0, 1, 0, 1, 1, 1, 1]
, allelies=[1, 1, 1, 1, 0, 0, 0, 1, 1, 1]
, allelies=[1, 1, 1, 0, 0, 1, 1, 1, 1, 1]
]
}, Chromosome{
genes=
[allelies=[0, 1, 0, 0, 0, 0, 1, 1, 1, 1]
, allelies=[1, 1, 1, 1, 1, 0, 0, 0, 1, 1]
, allelies=[1, 0, 1, 1, 1, 1, 0, 1, 1, 1]
, allelies=[1, 1, 0, 0, 0, 0, 1, 1, 1, 0]
, allelies=[0, 1, 1, 0, 0, 1, 1, 1, 1, 0]
, allelies=[1, 1, 1, 0, 0, 1, 0, 1, 1, 1]
, allelies=[1, 1, 0, 0, 0, 0, 0, 0, 0, 0]
, allelies=[0, 1, 1, 0, 1, 0, 0, 0, 0, 1]
, allelies=[1, 1, 1, 0, 0, 1, 0, 1, 1, 1]
, allelies=[0, 1, 1, 0, 0, 1, 1, 1, 1, 1]
, allelies=[1, 0, 1, 0, 0, 0, 0, 1, 1, 1]
, allelies=[0, 1, 1, 1, 1, 1, 1, 1, 0, 1]
, allelies=[0, 1, 0, 0, 0, 0, 1, 1, 0, 0]
, allelies=[1, 1, 0, 0, 0, 0, 0, 1, 1, 1]
, allelies=[1, 1, 1, 0, 0, 0, 0, 1, 1, 1]
, allelies=[1, 1, 0, 0, 1, 0, 1, 0, 1, 1]
, allelies=[1, 1, 1, 0, 0, 1, 0, 1, 1, 0]
, allelies=[1, 1, 1, 0, 0, 0, 0, 1, 0, 0]
, allelies=[0, 1, 0, 0, 1, 0, 0, 0, 1, 1]
, allelies=[0, 1, 0, 0, 1, 1, 1, 1, 0, 1]
, allelies=[1, 1, 0, 0, 0, 0, 0, 0, 0, 1]
, allelies=[0, 0, 1, 0, 0, 1, 0, 1, 0, 1]
, allelies=[1, 0, 1, 1, 0, 0, 1, 1, 1, 0]
, allelies=[1, 1, 1, 0, 0, 1, 1, 1, 1, 1]
, allelies=[1, 1, 0, 0, 0, 0, 1, 1, 1, 1]
, allelies=[0, 1, 1, 0, 0, 0, 0, 0, 0, 1]
, allelies=[0, 1, 1, 0, 0, 1, 0, 1, 0, 1]
, allelies=[0, 1, 1, 0, 0, 1, 0, 1, 1, 1]
, allelies=[0, 1, 1, 0, 0, 1, 0, 1, 1, 0]
, allelies=[0, 1, 1, 0, 0, 1, 1, 1, 0, 1]
, allelies=[1, 0, 1, 0, 0, 1, 0, 1, 0, 0]
, allelies=[1, 1, 1, 0, 1, 1, 0, 0, 1, 1]
]
}, Chromosome{
genes=
[allelies=[1, 1, 1, 0, 0, 1, 1, 1, 1, 1]
, allelies=[1, 1, 0, 0, 0, 0, 1, 1, 1, 1]
, allelies=[1, 0, 1, 0, 1, 0, 0, 0, 0, 0]
, allelies=[1, 1, 1, 0, 0, 0, 0, 1, 1, 1]
, allelies=[1, 1, 0, 1, 1, 0, 0, 1, 1, 0]
, allelies=[1, 1, 1, 0, 1, 1, 0, 0, 1, 1]
, allelies=[0, 1, 1, 0, 0, 1, 1, 1, 1, 1]
, allelies=[0, 1, 0, 0, 1, 0, 0, 1, 1, 1]
, allelies=[1, 0, 1, 1, 1, 1, 0, 1, 1, 1]
, allelies=[1, 1, 1, 0, 0, 0, 1, 1, 1, 1]
, allelies=[0, 1, 1, 0, 0, 1, 1, 1, 0, 1]
, allelies=[0, 1, 1, 0, 0, 1, 0, 1, 1, 0]
, allelies=[1, 1, 1, 1, 0, 1, 0, 1, 0, 1]
, allelies=[1, 1, 1, 0, 1, 0, 0, 0, 1, 1]
, allelies=[0, 1, 1, 0, 0, 1, 1, 1, 1, 0]
, allelies=[1, 0, 0, 1, 1, 0, 0, 0, 1, 0]
, allelies=[0, 1, 1, 0, 0, 0, 0, 0, 0, 1]
, allelies=[0, 1, 1, 0, 1, 0, 0, 0, 0, 1]
, allelies=[1, 1, 1, 0, 0, 1, 1, 0, 1, 1]
, allelies=[1, 1, 0, 0, 0, 0, 0, 0, 0, 1]
, allelies=[1, 1, 1, 0, 0, 0, 1, 1, 1, 1]
, allelies=[1, 1, 1, 0, 0, 0, 1, 1, 1, 0]
, allelies=[1, 1, 0, 1, 0, 1, 0, 1, 1, 1]
, allelies=[0, 1, 1, 0, 0, 1, 0, 1, 1, 0]
, allelies=[0, 1, 0, 0, 1, 0, 0, 0, 1, 1]
, allelies=[1, 1, 1, 1, 1, 1, 0, 0, 1, 1]
, allelies=[0, 1, 1, 0, 0, 1, 0, 1, 0, 1]
, allelies=[1, 0, 1, 0, 0, 1, 0, 1, 0, 0]
, allelies=[1, 1, 1, 0, 0, 1, 1, 1, 0, 1]
, allelies=[1, 1, 0, 0, 1, 0, 1, 1, 1, 1]
, allelies=[1, 1, 1, 1, 0, 0, 0, 1, 1, 1]
, allelies=[1, 1, 1, 0, 0, 1, 1, 1, 1, 1]
]
}, Chromosome{
genes=
[allelies=[1, 1, 0, 0, 0, 0, 0, 1, 1, 1]
, allelies=[1, 1, 1, 0, 0, 1, 1, 1, 0, 1]
, allelies=[0, 1, 1, 1, 1, 1, 0, 0, 1, 1]
, allelies=[1, 1, 1, 0, 0, 0, 0, 1, 0, 0]
, allelies=[0, 1, 1, 0, 0, 1, 0, 1, 0, 1]
, allelies=[1, 1, 1, 0, 1, 1, 0, 0, 1, 1]
, allelies=[1, 1, 1, 0, 0, 1, 0, 1, 1, 1]
, allelies=[0, 1, 1, 0, 0, 0, 0, 0, 1, 1]
, allelies=[0, 1, 0, 0, 1, 1, 1, 1, 0, 1]
, allelies=[1, 1, 0, 0, 0, 0, 0, 0, 0, 1]
, allelies=[0, 1, 1, 0, 1, 0, 0, 0, 1, 0]
, allelies=[1, 1, 1, 0, 0, 1, 1, 1, 1, 1]
, allelies=[1, 0, 1, 1, 0, 0, 1, 1, 1, 0]
, allelies=[1, 1, 0, 0, 1, 0, 1, 1, 1, 1]
, allelies=[1, 1, 1, 1, 1, 1, 0, 0, 1, 1]
, allelies=[1, 1, 1, 0, 0, 1, 1, 1, 1, 1]
, allelies=[1, 0, 1, 0, 1, 1, 1, 1, 1, 0]
, allelies=[1, 1, 1, 1, 0, 0, 0, 1, 1, 1]
, allelies=[0, 1, 1, 0, 1, 0, 0, 0, 0, 1]
, allelies=[1, 0, 1, 0, 1, 1, 0, 1, 0, 0]
, allelies=[1, 1, 0, 1, 1, 0, 0, 1, 1, 0]
, allelies=[1, 0, 0, 1, 1, 0, 0, 0, 1, 0]
, allelies=[0, 1, 1, 0, 0, 1, 1, 1, 1, 1]
, allelies=[0, 1, 1, 0, 0, 1, 1, 1, 1, 1]
, allelies=[0, 1, 1, 0, 0, 1, 1, 1, 0, 1]
, allelies=[1, 1, 0, 0, 0, 0, 0, 0, 0, 0]
, allelies=[1, 1, 0, 0, 0, 0, 1, 1, 1, 1]
, allelies=[0, 1, 1, 0, 0, 1, 1, 1, 0, 1]
, allelies=[1, 1, 1, 0, 0, 1, 1, 1, 1, 0]
, allelies=[1, 0, 1, 1, 1, 1, 0, 1, 1, 1]
, allelies=[0, 1, 1, 1, 1, 1, 1, 1, 0, 1]
, allelies=[1, 1, 0, 1, 0, 1, 0, 1, 1, 1]
]
}, Chromosome{
genes=
[allelies=[1, 1, 0, 0, 0, 0, 0, 1, 1, 1]
, allelies=[1, 1, 1, 0, 0, 1, 1, 1, 0, 1]
, allelies=[0, 1, 1, 1, 1, 1, 0, 0, 1, 1]
, allelies=[1, 1, 1, 0, 0, 0, 0, 1, 0, 0]
, allelies=[0, 1, 1, 0, 0, 1, 0, 1, 0, 1]
, allelies=[1, 1, 1, 0, 1, 1, 0, 0, 1, 1]
, allelies=[1, 1, 1, 0, 0, 1, 0, 1, 1, 1]
, allelies=[0, 1, 1, 0, 0, 0, 0, 0, 0, 1]
, allelies=[0, 1, 0, 0, 1, 1, 1, 1, 0, 1]
, allelies=[1, 1, 0, 0, 0, 0, 0, 0, 0, 1]
, allelies=[0, 1, 1, 0, 1, 0, 0, 0, 1, 0]
, allelies=[1, 1, 1, 0, 0, 1, 1, 1, 1, 1]
, allelies=[1, 0, 1, 1, 0, 0, 1, 1, 1, 0]
, allelies=[1, 1, 0, 0, 1, 0, 1, 1, 1, 1]
, allelies=[1, 1, 1, 1, 1, 1, 0, 0, 1, 1]
, allelies=[1, 1, 1, 0, 0, 1, 1, 1, 1, 1]
, allelies=[1, 0, 1, 0, 1, 1, 1, 1, 1, 0]
, allelies=[1, 1, 1, 1, 0, 0, 0, 1, 1, 1]
, allelies=[0, 1, 1, 0, 1, 0, 0, 0, 0, 1]
, allelies=[1, 0, 1, 0, 1, 1, 0, 1, 0, 0]
, allelies=[1, 1, 0, 1, 1, 0, 0, 1, 1, 0]
, allelies=[1, 0, 0, 1, 1, 0, 0, 0, 1, 0]
, allelies=[0, 1, 1, 0, 0, 1, 1, 1, 1, 1]
, allelies=[0, 0, 1, 0, 0, 1, 1, 1, 1, 1]
, allelies=[0, 1, 1, 0, 0, 1, 1, 1, 0, 1]
, allelies=[1, 1, 0, 0, 0, 0, 0, 0, 0, 0]
, allelies=[1, 1, 0, 0, 0, 0, 1, 1, 1, 1]
, allelies=[0, 1, 1, 0, 0, 1, 1, 1, 0, 1]
, allelies=[1, 1, 1, 0, 0, 1, 1, 1, 1, 0]
, allelies=[1, 0, 1, 1, 1, 1, 0, 1, 1, 1]
, allelies=[0, 1, 1, 1, 1, 1, 1, 1, 0, 1]
, allelies=[0, 0, 0, 1, 0, 1, 1, 1, 0, 0]
]
}, Chromosome{
genes=
[allelies=[1, 1, 1, 0, 0, 1, 1, 1, 1, 1]
, allelies=[0, 1, 1, 0, 0, 1, 0, 1, 0, 1]
, allelies=[1, 0, 1, 0, 1, 0, 0, 0, 0, 0]
, allelies=[1, 0, 1, 0, 0, 0, 0, 1, 1, 1]
, allelies=[1, 0, 1, 0, 1, 0, 0, 0, 0, 0]
, allelies=[1, 1, 0, 0, 1, 0, 1, 1, 1, 0]
, allelies=[0, 1, 0, 0, 1, 1, 1, 1, 0, 1]
, allelies=[0, 1, 1, 0, 0, 1, 1, 1, 1, 1]
, allelies=[0, 1, 1, 0, 1, 0, 0, 0, 1, 0]
, allelies=[1, 0, 0, 1, 1, 0, 0, 1, 1, 0]
, allelies=[1, 1, 1, 0, 0, 1, 1, 1, 1, 1]
, allelies=[1, 1, 1, 0, 0, 1, 1, 1, 0, 1]
, allelies=[1, 1, 1, 0, 0, 0, 0, 1, 0, 0]
, allelies=[1, 1, 1, 0, 0, 0, 0, 1, 1, 1]
, allelies=[1, 1, 0, 0, 0, 1, 0, 1, 1, 1]
, allelies=[0, 1, 0, 0, 1, 0, 0, 1, 1, 1]
, allelies=[0, 1, 1, 0, 0, 1, 1, 1, 1, 1]
, allelies=[1, 0, 1, 0, 1, 1, 0, 1, 0, 0]
, allelies=[1, 0, 1, 0, 0, 1, 1, 1, 0, 0]
, allelies=[1, 1, 0, 0, 1, 0, 0, 1, 1, 1]
, allelies=[1, 1, 1, 0, 0, 1, 1, 1, 0, 1]
, allelies=[1, 1, 0, 0, 1, 0, 1, 0, 1, 1]
, allelies=[1, 1, 1, 0, 0, 0, 1, 1, 1, 1]
, allelies=[0, 1, 1, 1, 1, 1, 1, 1, 0, 1]
, allelies=[1, 1, 1, 0, 0, 1, 1, 1, 1, 1]
, allelies=[1, 1, 0, 0, 1, 0, 1, 1, 1, 1]
, allelies=[0, 1, 1, 0, 1, 0, 0, 0, 1, 1]
, allelies=[1, 1, 1, 0, 0, 1, 0, 1, 1, 1]
, allelies=[1, 0, 1, 1, 0, 1, 1, 1, 1, 1]
, allelies=[1, 0, 0, 1, 1, 0, 0, 0, 1, 0]
, allelies=[0, 1, 1, 0, 0, 1, 1, 1, 1, 0]
, allelies=[0, 1, 0, 0, 0, 0, 1, 1, 0, 0]
]
}, Chromosome{
genes=
[allelies=[1, 1, 1, 1, 0, 1, 0, 1, 1, 0]
, allelies=[1, 1, 0, 0, 0, 0, 0, 0, 0, 0]
, allelies=[0, 1, 1, 0, 0, 1, 1, 1, 1, 1]
, allelies=[0, 1, 1, 0, 0, 1, 1, 1, 1, 1]
, allelies=[1, 1, 1, 0, 0, 1, 0, 1, 1, 1]
, allelies=[0, 0, 1, 0, 0, 1, 0, 1, 0, 1]
, allelies=[0, 1, 1, 0, 0, 1, 0, 1, 0, 1]
, allelies=[1, 1, 1, 0, 1, 1, 0, 0, 1, 1]
, allelies=[0, 1, 1, 0, 0, 1, 1, 1, 0, 1]
, allelies=[0, 1, 1, 0, 0, 1, 1, 1, 1, 0]
, allelies=[1, 0, 1, 0, 0, 1, 1, 1, 0, 0]
, allelies=[1, 0, 1, 0, 1, 0, 1, 1, 1, 1]
, allelies=[0, 1, 1, 0, 0, 1, 1, 1, 0, 1]
, allelies=[0, 1, 1, 1, 1, 1, 0, 0, 1, 1]
, allelies=[1, 1, 1, 0, 0, 0, 1, 1, 1, 1]
, allelies=[1, 1, 1, 0, 0, 1, 0, 0, 0, 1]
, allelies=[1, 1, 0, 0, 0, 0, 1, 1, 1, 0]
, allelies=[0, 1, 1, 0, 0, 1, 0, 1, 0, 1]
, allelies=[1, 1, 0, 0, 0, 1, 0, 1, 1, 1]
, allelies=[1, 1, 0, 1, 0, 0, 1, 1, 1, 1]
, allelies=[1, 1, 1, 0, 1, 0, 0, 0, 1, 1]
, allelies=[1, 1, 1, 0, 0, 0, 1, 1, 1, 1]
, allelies=[0, 1, 1, 0, 0, 1, 1, 1, 1, 1]
, allelies=[1, 1, 1, 0, 0, 1, 1, 1, 1, 1]
, allelies=[1, 1, 0, 0, 1, 0, 1, 1, 1, 1]
, allelies=[0, 1, 0, 0, 1, 1, 1, 1, 0, 1]
, allelies=[1, 1, 0, 1, 1, 0, 0, 1, 1, 0]
, allelies=[0, 1, 1, 1, 1, 1, 1, 1, 0, 1]
, allelies=[1, 1, 1, 1, 1, 1, 0, 0, 1, 1]
, allelies=[1, 0, 1, 0, 1, 1, 1, 1, 1, 0]
, allelies=[1, 0, 1, 0, 0, 1, 0, 1, 0, 0]
, allelies=[0, 1, 0, 0, 0, 0, 1, 1, 0, 0]
]
}, Chromosome{
genes=
[allelies=[1, 1, 1, 0, 0, 1, 1, 1, 1, 1]
, allelies=[0, 1, 1, 0, 0, 1, 0, 1, 0, 1]
, allelies=[1, 0, 1, 0, 1, 0, 0, 0, 0, 0]
, allelies=[1, 0, 1, 0, 0, 0, 0, 1, 1, 1]
, allelies=[1, 0, 1, 0, 1, 0, 0, 0, 0, 0]
, allelies=[1, 1, 0, 0, 1, 0, 1, 1, 1, 0]
, allelies=[0, 1, 0, 0, 1, 1, 1, 1, 0, 1]
, allelies=[0, 1, 1, 0, 0, 1, 1, 1, 1, 1]
, allelies=[0, 1, 1, 0, 1, 0, 0, 0, 1, 0]
, allelies=[1, 0, 0, 1, 1, 0, 0, 1, 1, 0]
, allelies=[1, 1, 1, 0, 0, 1, 1, 1, 1, 1]
, allelies=[1, 1, 1, 0, 0, 1, 1, 1, 0, 1]
, allelies=[1, 1, 1, 0, 0, 0, 0, 1, 0, 0]
, allelies=[1, 1, 1, 0, 0, 0, 0, 1, 1, 1]
, allelies=[1, 1, 0, 0, 0, 1, 0, 1, 1, 1]
, allelies=[0, 1, 0, 0, 1, 0, 0, 1, 1, 1]
, allelies=[0, 1, 1, 0, 0, 1, 1, 1, 1, 1]
, allelies=[1, 0, 1, 0, 1, 1, 0, 1, 0, 0]
, allelies=[1, 0, 1, 0, 0, 1, 1, 1, 0, 0]
, allelies=[1, 1, 0, 0, 1, 0, 0, 1, 1, 1]
, allelies=[1, 1, 1, 0, 0, 1, 1, 1, 0, 1]
, allelies=[1, 1, 0, 0, 1, 0, 1, 0, 1, 1]
, allelies=[1, 1, 1, 0, 0, 0, 1, 1, 1, 1]
, allelies=[0, 1, 1, 1, 1, 1, 1, 1, 0, 1]
, allelies=[1, 1, 1, 0, 0, 1, 1, 1, 1, 1]
, allelies=[1, 1, 0, 0, 1, 0, 1, 1, 1, 1]
, allelies=[0, 1, 1, 0, 1, 0, 0, 0, 1, 1]
, allelies=[1, 1, 1, 0, 0, 1, 0, 1, 1, 1]
, allelies=[1, 0, 1, 1, 0, 1, 1, 1, 1, 1]
, allelies=[1, 0, 0, 1, 1, 0, 0, 0, 1, 0]
, allelies=[0, 1, 1, 0, 0, 1, 1, 1, 1, 0]
, allelies=[0, 1, 0, 0, 0, 0, 1, 1, 0, 0]
]
}, Chromosome{
genes=
[allelies=[1, 1, 0, 0, 0, 0, 0, 0, 0, 1]
, allelies=[1, 0, 1, 1, 0, 0, 1, 1, 1, 0]
, allelies=[0, 1, 1, 0, 1, 0, 0, 0, 1, 0]
, allelies=[1, 1, 0, 0, 1, 0, 1, 0, 1, 1]
, allelies=[1, 1, 1, 0, 0, 0, 0, 1, 0, 0]
, allelies=[0, 1, 1, 0, 1, 0, 0, 0, 0, 1]
, allelies=[1, 1, 0, 0, 0, 1, 0, 1, 1, 1]
, allelies=[1, 0, 1, 0, 0, 1, 1, 1, 0, 0]
, allelies=[0, 1, 1, 1, 1, 1, 0, 0, 1, 1]
, allelies=[0, 1, 1, 0, 0, 1, 0, 1, 1, 1]
, allelies=[1, 1, 1, 0, 0, 1, 1, 1, 1, 1]
, allelies=[1, 1, 1, 0, 0, 1, 1, 1, 1, 1]
, allelies=[1, 1, 1, 1, 0, 1, 0, 1, 0, 1]
, allelies=[0, 1, 1, 0, 0, 1, 1, 1, 1, 1]
, allelies=[0, 1, 1, 0, 0, 1, 1, 1, 1, 1]
, allelies=[1, 0, 1, 0, 1, 0, 1, 1, 1, 1]
, allelies=[1, 1, 1, 0, 0, 1, 1, 1, 0, 1]
, allelies=[0, 1, 1, 0, 0, 0, 1, 1, 0, 1]
, allelies=[1, 1, 1, 0, 0, 1, 0, 1, 1, 0]
, allelies=[0, 1, 0, 0, 0, 0, 1, 1, 0, 0]
, allelies=[0, 1, 1, 0, 0, 1, 1, 1, 0, 1]
, allelies=[0, 0, 1, 0, 1, 0, 0, 0, 1, 0]
, allelies=[1, 0, 1, 0, 1, 0, 1, 1, 1, 1]
, allelies=[1, 1, 1, 1, 0, 0, 0, 1, 1, 1]
, allelies=[1, 0, 1, 1, 1, 1, 0, 1, 1, 1]
, allelies=[0, 0, 0, 1, 1, 0, 0, 0, 1, 0]
, allelies=[1, 1, 1, 0, 0, 0, 1, 1, 1, 1]
, allelies=[1, 1, 1, 0, 1, 1, 0, 0, 1, 1]
, allelies=[0, 0, 1, 0, 0, 1, 0, 1, 0, 1]
, allelies=[1, 1, 1, 0, 0, 1, 1, 1, 1, 1]
, allelies=[1, 0, 1, 0, 0, 1, 0, 1, 0, 0]
, allelies=[1, 1, 1, 0, 0, 1, 1, 0, 1, 1]
]
}, Chromosome{
genes=
[allelies=[1, 1, 0, 0, 0, 0, 0, 0, 0, 1]
, allelies=[1, 0, 1, 1, 0, 0, 1, 1, 1, 0]
, allelies=[0, 1, 1, 0, 1, 0, 0, 0, 1, 0]
, allelies=[1, 1, 0, 0, 1, 0, 1, 0, 1, 1]
, allelies=[1, 1, 1, 0, 0, 0, 0, 1, 0, 0]
, allelies=[0, 1, 1, 0, 1, 0, 0, 0, 0, 1]
, allelies=[1, 1, 0, 0, 0, 1, 0, 1, 1, 1]
, allelies=[1, 0, 1, 0, 0, 1, 1, 1, 0, 0]
, allelies=[0, 1, 1, 1, 1, 1, 0, 0, 1, 1]
, allelies=[0, 1, 1, 0, 0, 1, 0, 1, 1, 1]
, allelies=[1, 1, 1, 0, 0, 1, 1, 1, 1, 1]
, allelies=[1, 1, 1, 0, 0, 1, 1, 1, 1, 1]
, allelies=[1, 1, 1, 1, 0, 1, 0, 1, 0, 1]
, allelies=[0, 1, 1, 0, 0, 1, 1, 1, 1, 1]
, allelies=[0, 1, 1, 0, 0, 1, 1, 1, 1, 1]
, allelies=[1, 0, 1, 0, 1, 0, 1, 1, 1, 1]
, allelies=[1, 1, 1, 0, 0, 1, 1, 1, 0, 1]
, allelies=[0, 1, 1, 0, 0, 0, 1, 1, 0, 1]
, allelies=[1, 1, 1, 0, 0, 1, 0, 1, 1, 0]
, allelies=[0, 1, 0, 0, 0, 0, 1, 1, 0, 0]
, allelies=[0, 1, 1, 0, 0, 1, 1, 1, 0, 1]
, allelies=[0, 0, 1, 0, 1, 0, 0, 0, 1, 0]
, allelies=[1, 0, 1, 0, 1, 0, 1, 1, 1, 1]
, allelies=[1, 1, 1, 1, 0, 0, 0, 1, 1, 1]
, allelies=[1, 0, 1, 1, 1, 1, 0, 1, 1, 1]
, allelies=[0, 0, 0, 1, 1, 0, 0, 0, 1, 0]
, allelies=[1, 1, 1, 0, 0, 0, 1, 1, 1, 1]
, allelies=[1, 1, 1, 0, 1, 1, 0, 0, 1, 1]
, allelies=[0, 0, 1, 0, 0, 1, 0, 1, 0, 1]
, allelies=[1, 1, 1, 0, 0, 1, 1, 1, 1, 1]
, allelies=[1, 0, 1, 0, 0, 1, 0, 1, 0, 0]
, allelies=[1, 1, 1, 0, 0, 1, 1, 0, 1, 1]
]
}, Chromosome{
genes=
[allelies=[0, 1, 1, 0, 0, 1, 0, 1, 1, 0]
, allelies=[1, 1, 1, 0, 0, 1, 0, 1, 1, 1]
, allelies=[0, 1, 1, 0, 0, 1, 1, 1, 1, 1]
, allelies=[1, 1, 1, 0, 0, 1, 0, 0, 0, 1]
, allelies=[1, 0, 1, 0, 1, 0, 1, 1, 1, 1]
, allelies=[1, 1, 1, 0, 0, 1, 1, 1, 0, 1]
, allelies=[1, 1, 0, 0, 0, 1, 0, 1, 1, 1]
, allelies=[0, 1, 1, 0, 0, 1, 0, 1, 1, 1]
, allelies=[1, 0, 1, 0, 1, 1, 1, 1, 1, 0]
, allelies=[1, 1, 1, 0, 0, 1, 1, 1, 1, 1]
, allelies=[0, 1, 1, 0, 0, 1, 1, 1, 1, 1]
, allelies=[0, 1, 0, 0, 1, 0, 0, 0, 1, 1]
, allelies=[0, 1, 0, 0, 0, 0, 1, 1, 1, 1]
, allelies=[0, 1, 1, 0, 0, 0, 0, 0, 0, 1]
, allelies=[0, 1, 1, 0, 1, 0, 0, 0, 0, 1]
, allelies=[0, 1, 0, 0, 1, 1, 1, 1, 0, 1]
, allelies=[0, 1, 1, 0, 1, 0, 0, 0, 1, 0]
, allelies=[1, 0, 1, 0, 1, 0, 0, 0, 0, 0]
, allelies=[1, 1, 1, 0, 0, 0, 1, 1, 1, 1]
, allelies=[0, 0, 1, 0, 0, 1, 0, 1, 0, 1]
, allelies=[0, 1, 0, 0, 1, 0, 0, 1, 1, 1]
, allelies=[0, 1, 1, 0, 0, 1, 1, 1, 0, 1]
, allelies=[1, 0, 1, 0, 0, 1, 1, 1, 0, 0]
, allelies=[0, 1, 1, 0, 1, 0, 0, 1, 0, 1]
, allelies=[0, 1, 0, 0, 1, 0, 0, 0, 0, 0]
, allelies=[1, 1, 1, 0, 1, 1, 0, 0, 1, 1]
, allelies=[1, 1, 1, 0, 0, 1, 0, 0, 1, 0]
, allelies=[1, 0, 1, 1, 0, 0, 1, 1, 1, 0]
, allelies=[1, 1, 1, 1, 0, 1, 0, 1, 0, 1]
, allelies=[0, 1, 1, 0, 0, 0, 1, 1, 0, 1]
, allelies=[1, 1, 1, 0, 0, 1, 1, 1, 1, 0]
, allelies=[0, 1, 1, 0, 0, 1, 1, 1, 1, 0]
]
}, Chromosome{
genes=
[allelies=[0, 0, 1, 0, 0, 1, 0, 1, 0, 1]
, allelies=[0, 1, 1, 0, 0, 1, 1, 1, 0, 1]
, allelies=[0, 1, 1, 0, 1, 0, 0, 0, 1, 0]
, allelies=[1, 1, 1, 0, 0, 1, 0, 1, 1, 1]
, allelies=[0, 1, 0, 0, 1, 0, 0, 0, 0, 0]
, allelies=[1, 0, 1, 0, 1, 1, 1, 1, 1, 0]
, allelies=[0, 1, 1, 0, 0, 1, 0, 1, 0, 1]
, allelies=[0, 1, 1, 0, 0, 1, 0, 1, 1, 1]
, allelies=[1, 1, 1, 0, 0, 1, 1, 1, 1, 1]
, allelies=[1, 1, 1, 0, 0, 1, 1, 1, 0, 1]
, allelies=[1, 1, 0, 1, 0, 1, 0, 1, 1, 1]
, allelies=[1, 1, 1, 0, 0, 0, 1, 1, 1, 1]
, allelies=[0, 1, 1, 0, 0, 1, 1, 1, 1, 1]
, allelies=[1, 1, 0, 0, 0, 0, 1, 1, 1, 0]
, allelies=[1, 0, 1, 0, 1, 0, 0, 0, 0, 0]
, allelies=[0, 1, 1, 0, 0, 0, 1, 1, 0, 1]
, allelies=[1, 1, 1, 0, 0, 1, 1, 1, 1, 0]
, allelies=[0, 1, 0, 0, 1, 0, 0, 0, 1, 1]
, allelies=[1, 1, 0, 0, 0, 0, 1, 1, 1, 1]
, allelies=[1, 1, 1, 1, 1, 1, 0, 0, 1, 1]
, allelies=[0, 1, 1, 0, 0, 1, 0, 1, 0, 1]
, allelies=[1, 0, 1, 1, 0, 0, 1, 1, 1, 0]
, allelies=[1, 1, 1, 0, 0, 1, 1, 0, 1, 1]
, allelies=[1, 1, 0, 0, 0, 0, 0, 1, 1, 1]
, allelies=[0, 1, 0, 0, 0, 0, 1, 1, 0, 0]
, allelies=[0, 1, 1, 0, 0, 1, 0, 1, 1, 0]
, allelies=[0, 1, 1, 0, 1, 0, 0, 0, 0, 0]
, allelies=[1, 1, 0, 0, 1, 0, 1, 1, 1, 1]
, allelies=[1, 1, 1, 0, 0, 1, 0, 1, 1, 1]
, allelies=[0, 1, 1, 0, 1, 0, 0, 1, 0, 1]
, allelies=[0, 1, 1, 0, 1, 0, 0, 0, 1, 1]
, allelies=[1, 1, 1, 1, 0, 1, 0, 1, 1, 0]
]
}, Chromosome{
genes=
[allelies=[1, 1, 1, 0, 0, 1, 1, 1, 1, 1]
, allelies=[1, 1, 1, 1, 0, 1, 0, 1, 1, 0]
, allelies=[0, 1, 1, 0, 0, 1, 1, 1, 1, 1]
, allelies=[1, 1, 0, 0, 0, 1, 0, 1, 1, 1]
, allelies=[0, 1, 1, 0, 0, 1, 1, 1, 0, 1]
, allelies=[1, 1, 1, 0, 1, 0, 0, 0, 1, 1]
, allelies=[1, 1, 1, 0, 0, 0, 0, 1, 0, 0]
, allelies=[0, 1, 1, 0, 0, 1, 1, 1, 1, 1]
, allelies=[0, 1, 1, 0, 1, 0, 0, 0, 1, 0]
, allelies=[1, 0, 1, 0, 1, 0, 1, 1, 1, 1]
, allelies=[1, 0, 1, 0, 1, 0, 0, 0, 0, 0]
, allelies=[1, 1, 1, 0, 0, 0, 1, 1, 1, 0]
, allelies=[1, 1, 1, 0, 1, 0, 0, 1, 1, 1]
, allelies=[1, 0, 1, 1, 1, 1, 0, 1, 1, 1]
, allelies=[0, 1, 1, 0, 1, 1, 1, 0, 1, 0]
, allelies=[1, 0, 1, 1, 1, 1, 1, 0, 1, 1]
, allelies=[0, 1, 1, 0, 0, 0, 1, 1, 0, 1]
, allelies=[0, 1, 1, 0, 0, 1, 0, 1, 1, 1]
, allelies=[1, 1, 0, 0, 0, 0, 0, 0, 0, 0]
, allelies=[1, 1, 1, 1, 0, 1, 0, 1, 0, 1]
, allelies=[1, 1, 1, 0, 0, 1, 1, 1, 0, 1]
, allelies=[0, 1, 1, 0, 1, 0, 0, 0, 0, 1]
, allelies=[1, 0, 1, 0, 0, 0, 0, 1, 1, 1]
, allelies=[1, 1, 0, 0, 1, 0, 0, 1, 1, 1]
, allelies=[0, 1, 1, 1, 1, 1, 0, 1, 1, 1]
, allelies=[1, 1, 1, 1, 0, 0, 0, 1, 1, 1]
, allelies=[1, 1, 1, 0, 0, 1, 1, 1, 0, 1]
, allelies=[1, 0, 1, 0, 0, 1, 0, 1, 0, 0]
, allelies=[1, 0, 1, 0, 0, 1, 1, 1, 0, 0]
, allelies=[0, 1, 1, 0, 0, 1, 1, 1, 1, 1]
, allelies=[1, 1, 1, 0, 0, 1, 1, 1, 1, 1]
, allelies=[1, 0, 1, 1, 0, 1, 1, 1, 1, 1]
]
}, Chromosome{
genes=
[allelies=[1, 1, 0, 0, 1, 0, 1, 1, 1, 1]
, allelies=[1, 1, 1, 0, 0, 1, 1, 1, 0, 1]
, allelies=[1, 1, 1, 0, 0, 1, 1, 1, 1, 0]
, allelies=[1, 0, 0, 1, 1, 0, 0, 0, 1, 0]
, allelies=[1, 0, 1, 0, 0, 1, 1, 1, 0, 0]
, allelies=[1, 0, 1, 0, 1, 0, 0, 0, 0, 0]
, allelies=[1, 1, 0, 0, 0, 0, 1, 1, 1, 0]
, allelies=[1, 1, 1, 0, 0, 0, 0, 1, 1, 1]
, allelies=[1, 1, 1, 0, 0, 1, 0, 0, 1, 0]
, allelies=[1, 1, 0, 0, 1, 0, 0, 1, 1, 1]
, allelies=[0, 1, 1, 1, 1, 1, 1, 1, 0, 1]
, allelies=[0, 1, 1, 0, 0, 1, 1, 1, 1, 1]
, allelies=[0, 1, 0, 0, 1, 0, 0, 0, 0, 0]
, allelies=[0, 1, 1, 0, 0, 0, 0, 0, 0, 1]
, allelies=[1, 0, 1, 1, 0, 0, 1, 1, 1, 0]
, allelies=[1, 1, 1, 0, 0, 0, 1, 1, 1, 1]
, allelies=[1, 0, 1, 0, 1, 0, 1, 1, 1, 1]
, allelies=[0, 1, 1, 1, 1, 1, 0, 0, 1, 0]
, allelies=[0, 1, 1, 0, 0, 1, 0, 1, 1, 1]
, allelies=[1, 0, 1, 0, 1, 0, 1, 1, 1, 1]
, allelies=[1, 1, 1, 0, 0, 1, 1, 1, 1, 1]
, allelies=[1, 1, 0, 0, 0, 0, 0, 1, 1, 1]
, allelies=[1, 1, 1, 0, 0, 1, 1, 1, 1, 1]
, allelies=[1, 1, 0, 0, 0, 0, 0, 0, 0, 0]
, allelies=[1, 1, 1, 0, 0, 1, 1, 0, 1, 1]
, allelies=[0, 1, 1, 0, 0, 1, 1, 1, 0, 1]
, allelies=[1, 1, 1, 1, 0, 1, 0, 1, 0, 1]
, allelies=[0, 1, 0, 0, 0, 0, 1, 1, 1, 1]
, allelies=[1, 1, 1, 0, 0, 1, 0, 1, 1, 0]
, allelies=[1, 1, 0, 1, 0, 0, 1, 1, 1, 1]
, allelies=[1, 1, 1, 0, 0, 1, 0, 1, 1, 1]
, allelies=[0, 1, 1, 0, 1, 0, 0, 0, 1, 0]
]
}, Chromosome{
genes=
[allelies=[0, 1, 1, 0, 1, 0, 0, 0, 0, 1]
, allelies=[0, 1, 1, 0, 0, 1, 0, 1, 1, 1]
, allelies=[1, 1, 0, 0, 1, 0, 1, 1, 1, 1]
, allelies=[1, 1, 1, 0, 0, 1, 1, 1, 0, 1]
, allelies=[1, 1, 0, 0, 0, 0, 1, 1, 1, 1]
, allelies=[0, 1, 0, 0, 1, 1, 1, 1, 0, 1]
, allelies=[0, 1, 1, 0, 1, 0, 0, 0, 1, 0]
, allelies=[1, 1, 1, 0, 0, 1, 0, 1, 1, 1]
, allelies=[0, 1, 1, 0, 0, 1, 0, 1, 1, 0]
, allelies=[1, 0, 1, 0, 1, 0, 0, 0, 0, 0]
, allelies=[1, 1, 0, 0, 0, 0, 0, 1, 1, 1]
, allelies=[0, 1, 1, 0, 0, 1, 1, 1, 1, 1]
, allelies=[0, 1, 1, 0, 0, 1, 0, 1, 1, 0]
, allelies=[1, 1, 1, 0, 0, 1, 0, 1, 1, 1]
, allelies=[0, 1, 1, 0, 0, 1, 1, 1, 0, 1]
, allelies=[1, 1, 1, 0, 0, 1, 1, 1, 1, 0]
, allelies=[1, 1, 0, 1, 0, 0, 1, 1, 1, 1]
, allelies=[1, 1, 0, 0, 0, 0, 1, 1, 1, 0]
, allelies=[0, 1, 1, 0, 1, 0, 0, 1, 0, 1]
, allelies=[0, 1, 1, 0, 0, 0, 0, 0, 0, 1]
, allelies=[1, 1, 0, 0, 0, 0, 0, 0, 0, 1]
, allelies=[1, 1, 0, 1, 0, 1, 0, 1, 1, 1]
, allelies=[1, 1, 1, 0, 1, 0, 0, 0, 1, 1]
, allelies=[1, 1, 1, 0, 0, 1, 1, 1, 1, 1]
, allelies=[1, 0, 1, 1, 0, 1, 1, 1, 1, 1]
, allelies=[1, 1, 1, 0, 0, 1, 0, 0, 1, 0]
, allelies=[1, 0, 1, 1, 1, 1, 0, 1, 1, 1]
, allelies=[0, 1, 1, 0, 0, 1, 0, 1, 0, 1]
, allelies=[1, 1, 1, 0, 0, 0, 1, 1, 1, 0]
, allelies=[0, 1, 0, 0, 1, 0, 0, 0, 0, 0]
, allelies=[1, 1, 1, 1, 0, 1, 0, 1, 1, 0]
, allelies=[0, 1, 0, 0, 0, 0, 1, 1, 0, 0]
]
}, Chromosome{
genes=
[allelies=[1, 1, 1, 0, 0, 1, 1, 1, 1, 1]
, allelies=[0, 0, 1, 0, 0, 1, 0, 1, 0, 1]
, allelies=[0, 1, 1, 1, 1, 1, 0, 0, 1, 1]
, allelies=[0, 1, 0, 0, 1, 1, 1, 1, 0, 1]
, allelies=[1, 0, 1, 1, 0, 1, 1, 1, 1, 1]
, allelies=[0, 1, 1, 0, 1, 0, 0, 0, 1, 0]
, allelies=[1, 1, 1, 1, 1, 1, 1, 0, 1, 0]
, allelies=[1, 1, 1, 1, 1, 0, 0, 1, 1, 0]
, allelies=[1, 1, 0, 0, 1, 1, 1, 1, 0, 1]
, allelies=[1, 1, 0, 1, 1, 0, 0, 1, 1, 1]
, allelies=[1, 1, 0, 1, 0, 0, 1, 1, 1, 1]
, allelies=[1, 0, 0, 1, 0, 1, 0, 1, 1, 0]
, allelies=[1, 0, 0, 0, 0, 1, 1, 0, 0, 1]
, allelies=[0, 1, 1, 0, 1, 1, 1, 1, 1, 1]
, allelies=[1, 1, 0, 0, 1, 1, 1, 1, 1, 1]
, allelies=[1, 1, 0, 0, 0, 1, 1, 1, 0, 1]
, allelies=[0, 1, 0, 1, 0, 0, 0, 0, 0, 0]
, allelies=[1, 1, 0, 0, 1, 1, 1, 0, 1, 1]
, allelies=[0, 1, 0, 1, 0, 1, 1, 1, 1, 1]
, allelies=[1, 0, 0, 0, 0, 1, 1, 1, 0, 1]
, allelies=[0, 1, 0, 1, 1, 0, 1, 0, 0, 1]
, allelies=[1, 1, 0, 0, 1, 0, 0, 0, 0, 0]
, allelies=[1, 1, 1, 0, 0, 1, 1, 1, 1, 0]
, allelies=[1, 0, 0, 1, 1, 0, 0, 0, 1, 0]
, allelies=[1, 1, 1, 0, 0, 1, 0, 1, 1, 0]
, allelies=[0, 1, 1, 0, 0, 1, 0, 1, 1, 0]
, allelies=[1, 1, 1, 0, 0, 1, 1, 1, 0, 1]
, allelies=[1, 1, 1, 0, 0, 1, 1, 1, 1, 0]
, allelies=[1, 0, 1, 0, 0, 0, 0, 1, 1, 1]
, allelies=[1, 0, 1, 0, 1, 0, 1, 1, 1, 1]
, allelies=[1, 1, 1, 0, 0, 0, 1, 1, 1, 0]
, allelies=[0, 1, 1, 0, 0, 0, 1, 1, 0, 1]
]
}, Chromosome{
genes=
[allelies=[1, 1, 1, 0, 0, 1, 1, 1, 1, 1]
, allelies=[0, 0, 1, 0, 0, 1, 0, 1, 0, 1]
, allelies=[0, 1, 1, 1, 1, 1, 0, 0, 1, 1]
, allelies=[0, 1, 0, 0, 1, 1, 1, 1, 0, 1]
, allelies=[1, 0, 1, 1, 0, 1, 1, 1, 1, 1]
, allelies=[0, 1, 1, 0, 1, 0, 0, 0, 1, 0]
, allelies=[1, 1, 1, 0, 0, 1, 0, 1, 1, 1]
, allelies=[1, 1, 1, 0, 1, 0, 0, 0, 1, 1]
, allelies=[0, 1, 1, 0, 0, 1, 1, 1, 1, 1]
, allelies=[0, 1, 1, 0, 1, 0, 0, 0, 1, 1]
, allelies=[0, 1, 1, 0, 1, 0, 0, 1, 0, 1]
, allelies=[0, 1, 1, 0, 0, 1, 1, 1, 1, 1]
, allelies=[1, 0, 1, 0, 1, 0, 0, 0, 0, 0]
, allelies=[1, 0, 1, 0, 0, 1, 1, 1, 0, 0]
, allelies=[1, 1, 0, 1, 1, 0, 0, 1, 1, 0]
, allelies=[1, 1, 1, 0, 0, 0, 1, 1, 1, 1]
, allelies=[1, 1, 1, 0, 0, 1, 0, 1, 1, 1]
, allelies=[0, 1, 1, 0, 0, 0, 0, 0, 0, 1]
, allelies=[1, 1, 1, 0, 1, 0, 0, 1, 1, 1]
, allelies=[0, 1, 1, 0, 0, 1, 0, 1, 1, 1]
, allelies=[1, 1, 1, 0, 0, 0, 1, 1, 1, 1]
, allelies=[0, 1, 0, 0, 1, 0, 0, 0, 0, 0]
, allelies=[1, 1, 1, 0, 0, 1, 1, 1, 1, 0]
, allelies=[1, 0, 1, 1, 0, 0, 0, 0, 1, 1]
, allelies=[1, 0, 1, 0, 0, 1, 1, 1, 1, 0]
, allelies=[1, 1, 0, 1, 1, 0, 0, 1, 1, 1]
, allelies=[0, 1, 1, 0, 0, 0, 0, 1, 1, 1]
, allelies=[0, 0, 1, 1, 0, 0, 1, 1, 1, 1]
, allelies=[1, 1, 1, 0, 0, 1, 0, 1, 0, 1]
, allelies=[1, 0, 1, 1, 0, 0, 1, 1, 1, 1]
, allelies=[1, 1, 1, 1, 0, 0, 1, 1, 1, 1]
, allelies=[0, 0, 1, 0, 0, 1, 0, 0, 0, 0]
]
}, Chromosome{
genes=
[allelies=[0, 1, 1, 0, 1, 0, 0, 0, 0, 1]
, allelies=[0, 1, 1, 0, 0, 1, 0, 1, 1, 1]
, allelies=[1, 1, 0, 0, 1, 0, 1, 1, 1, 1]
, allelies=[1, 1, 1, 0, 0, 1, 1, 1, 0, 1]
, allelies=[1, 1, 0, 0, 0, 0, 0, 1, 1, 0]
, allelies=[0, 0, 0, 1, 1, 1, 1, 0, 1, 1]
, allelies=[0, 0, 0, 0, 1, 0, 0, 0, 1, 0]
, allelies=[1, 1, 1, 0, 0, 1, 0, 1, 1, 0]
, allelies=[0, 1, 1, 0, 0, 1, 0, 1, 1, 0]
, allelies=[1, 0, 1, 0, 1, 0, 0, 0, 0, 0]
, allelies=[1, 1, 0, 0, 0, 0, 0, 1, 1, 1]
, allelies=[0, 1, 1, 0, 0, 1, 1, 1, 1, 1]
, allelies=[0, 1, 1, 0, 0, 1, 0, 1, 1, 0]
, allelies=[1, 1, 1, 0, 0, 1, 0, 1, 1, 1]
, allelies=[0, 1, 1, 0, 0, 1, 1, 1, 0, 1]
, allelies=[1, 1, 1, 0, 0, 1, 1, 1, 1, 0]
, allelies=[1, 1, 0, 1, 0, 0, 1, 1, 1, 1]
, allelies=[1, 1, 0, 0, 0, 0, 1, 1, 1, 0]
, allelies=[0, 1, 1, 0, 1, 0, 0, 1, 0, 1]
, allelies=[0, 1, 1, 0, 0, 0, 0, 0, 0, 1]
, allelies=[1, 1, 0, 0, 0, 0, 0, 0, 0, 1]
, allelies=[1, 1, 0, 1, 0, 1, 0, 1, 1, 1]
, allelies=[1, 1, 1, 0, 1, 0, 0, 0, 1, 1]
, allelies=[1, 1, 1, 0, 0, 1, 1, 1, 1, 1]
, allelies=[1, 0, 1, 1, 0, 1, 1, 1, 1, 1]
, allelies=[1, 1, 1, 0, 0, 1, 0, 0, 1, 0]
, allelies=[1, 0, 1, 1, 1, 1, 0, 1, 1, 1]
, allelies=[0, 1, 1, 0, 0, 1, 1, 1, 0, 1]
, allelies=[1, 1, 1, 0, 0, 0, 1, 1, 1, 0]
, allelies=[0, 1, 0, 0, 1, 0, 0, 0, 0, 0]
, allelies=[1, 1, 1, 1, 0, 1, 0, 1, 1, 0]
, allelies=[0, 1, 0, 0, 0, 0, 1, 1, 0, 0]
]
}, Chromosome{
genes=
[allelies=[0, 1, 1, 0, 1, 0, 0, 0, 0, 1]
, allelies=[0, 1, 1, 0, 0, 1, 0, 1, 1, 1]
, allelies=[1, 1, 0, 0, 1, 1, 1, 1, 1, 1]
, allelies=[1, 1, 1, 0, 0, 1, 1, 1, 0, 1]
, allelies=[1, 1, 0, 0, 0, 0, 1, 1, 1, 1]
, allelies=[0, 1, 0, 0, 1, 1, 1, 1, 0, 1]
, allelies=[0, 1, 1, 0, 1, 0, 0, 0, 1, 0]
, allelies=[1, 1, 1, 0, 0, 1, 0, 1, 1, 1]
, allelies=[0, 1, 1, 0, 0, 1, 0, 1, 1, 0]
, allelies=[1, 0, 1, 0, 1, 0, 0, 0, 0, 0]
, allelies=[1, 1, 0, 0, 0, 0, 0, 1, 1, 1]
, allelies=[0, 1, 1, 0, 0, 1, 1, 1, 1, 1]
, allelies=[0, 1, 1, 0, 0, 1, 0, 1, 1, 0]
, allelies=[1, 1, 1, 0, 0, 1, 0, 1, 1, 1]
, allelies=[0, 1, 1, 0, 0, 1, 1, 1, 0, 1]
, allelies=[1, 1, 1, 0, 0, 1, 1, 1, 1, 0]
, allelies=[1, 1, 0, 1, 0, 0, 1, 1, 1, 1]
, allelies=[1, 1, 0, 0, 0, 0, 1, 1, 1, 0]
, allelies=[0, 1, 1, 0, 1, 0, 0, 1, 0, 1]
, allelies=[0, 1, 1, 0, 0, 0, 0, 0, 0, 1]
, allelies=[1, 1, 0, 0, 0, 0, 0, 0, 0, 1]
, allelies=[1, 1, 0, 1, 0, 1, 0, 1, 1, 1]
, allelies=[1, 1, 1, 0, 1, 0, 0, 0, 1, 1]
, allelies=[1, 1, 1, 0, 0, 1, 1, 1, 1, 1]
, allelies=[1, 0, 1, 1, 0, 1, 1, 1, 1, 1]
, allelies=[1, 1, 1, 0, 0, 1, 0, 0, 1, 0]
, allelies=[1, 0, 1, 1, 1, 1, 0, 0, 0, 0]
, allelies=[0, 1, 0, 1, 0, 1, 1, 0, 1, 0]
, allelies=[0, 1, 0, 1, 0, 1, 0, 1, 1, 1]
, allelies=[1, 1, 1, 0, 0, 1, 0, 1, 1, 1]
, allelies=[1, 1, 1, 1, 0, 1, 0, 1, 1, 0]
, allelies=[0, 1, 0, 0, 0, 0, 1, 1, 0, 0]
]
}, Chromosome{
genes=
[allelies=[1, 1, 1, 0, 0, 1, 0, 1, 1, 1]
, allelies=[0, 1, 1, 0, 0, 1, 1, 1, 1, 1]
, allelies=[1, 1, 1, 0, 0, 1, 1, 1, 1, 1]
, allelies=[1, 1, 0, 0, 1, 0, 0, 1, 1, 1]
, allelies=[1, 1, 1, 1, 0, 1, 0, 1, 1, 0]
, allelies=[0, 1, 1, 0, 1, 0, 0, 1, 0, 1]
, allelies=[0, 1, 1, 0, 0, 1, 1, 1, 1, 1]
, allelies=[1, 1, 1, 0, 1, 1, 0, 0, 1, 1]
, allelies=[0, 1, 1, 0, 0, 1, 0, 1, 1, 1]
, allelies=[0, 1, 1, 0, 1, 0, 0, 0, 1, 1]
, allelies=[1, 1, 1, 0, 0, 1, 1, 1, 0, 1]
, allelies=[1, 1, 0, 0, 0, 0, 0, 1, 1, 1]
, allelies=[0, 0, 1, 0, 0, 1, 0, 1, 0, 1]
, allelies=[0, 1, 1, 0, 0, 1, 0, 1, 1, 0]
, allelies=[1, 1, 1, 0, 1, 0, 0, 0, 1, 1]
, allelies=[1, 0, 1, 0, 0, 1, 1, 1, 0, 0]
, allelies=[1, 1, 1, 0, 0, 0, 1, 1, 1, 0]
, allelies=[1, 1, 1, 0, 0, 1, 1, 1, 1, 1]
, allelies=[1, 0, 1, 1, 0, 1, 1, 1, 1, 1]
, allelies=[1, 1, 1, 0, 0, 1, 0, 1, 1, 1]
, allelies=[0, 1, 1, 0, 0, 1, 1, 1, 1, 0]
, allelies=[0, 1, 1, 0, 0, 1, 0, 1, 0, 1]
, allelies=[1, 1, 0, 0, 0, 0, 1, 1, 1, 1]
, allelies=[0, 1, 1, 0, 0, 1, 1, 1, 0, 1]
, allelies=[1, 1, 0, 0, 0, 0, 0, 0, 0, 0]
, allelies=[0, 1, 0, 0, 1, 0, 0, 0, 0, 0]
, allelies=[1, 1, 1, 0, 0, 1, 0, 0, 1, 0]
, allelies=[0, 1, 0, 0, 1, 0, 0, 1, 1, 1]
, allelies=[1, 0, 1, 0, 1, 0, 1, 1, 1, 0]
, allelies=[1, 1, 0, 0, 1, 1, 1, 0, 1, 1]
, allelies=[1, 1, 0, 0, 0, 1, 1, 1, 0, 0]
, allelies=[1, 0, 0, 1, 0, 0, 0, 0, 0, 1]
]
}, Chromosome{
genes=
[allelies=[1, 1, 1, 0, 0, 1, 0, 1, 1, 1]
, allelies=[0, 1, 1, 0, 0, 1, 1, 1, 1, 1]
, allelies=[1, 1, 1, 0, 0, 1, 1, 1, 1, 1]
, allelies=[1, 1, 0, 0, 1, 0, 0, 1, 1, 1]
, allelies=[1, 1, 1, 1, 0, 1, 0, 1, 1, 0]
, allelies=[0, 1, 1, 0, 1, 0, 0, 1, 0, 1]
, allelies=[0, 1, 1, 0, 0, 1, 1, 1, 1, 1]
, allelies=[1, 1, 1, 0, 1, 1, 0, 0, 1, 1]
, allelies=[0, 1, 1, 0, 0, 1, 0, 1, 1, 1]
, allelies=[0, 1, 1, 0, 1, 0, 0, 0, 1, 1]
, allelies=[1, 1, 1, 0, 0, 0, 1, 1, 0, 1]
, allelies=[1, 1, 0, 0, 0, 0, 0, 1, 1, 1]
, allelies=[0, 0, 1, 0, 0, 1, 0, 1, 0, 1]
, allelies=[0, 1, 1, 0, 0, 1, 0, 1, 1, 0]
, allelies=[1, 1, 1, 0, 1, 0, 0, 0, 1, 1]
, allelies=[1, 0, 1, 0, 0, 1, 1, 1, 0, 0]
, allelies=[1, 1, 1, 0, 0, 0, 1, 1, 1, 0]
, allelies=[1, 1, 1, 0, 0, 1, 1, 1, 1, 1]
, allelies=[1, 0, 1, 1, 0, 1, 1, 1, 1, 1]
, allelies=[1, 1, 1, 0, 0, 1, 0, 1, 1, 1]
, allelies=[0, 1, 1, 0, 0, 1, 1, 1, 1, 0]
, allelies=[0, 1, 1, 0, 0, 1, 0, 1, 0, 1]
, allelies=[1, 1, 0, 0, 0, 0, 1, 1, 1, 1]
, allelies=[0, 1, 1, 0, 0, 1, 1, 1, 0, 1]
, allelies=[1, 1, 0, 0, 0, 0, 0, 0, 0, 0]
, allelies=[0, 1, 0, 0, 1, 0, 0, 0, 0, 0]
, allelies=[1, 1, 1, 0, 0, 1, 0, 0, 1, 0]
, allelies=[0, 1, 0, 0, 1, 0, 0, 1, 1, 1]
, allelies=[1, 0, 1, 0, 1, 0, 0, 0, 0, 0]
, allelies=[1, 0, 1, 0, 1, 1, 0, 1, 0, 0]
, allelies=[1, 0, 1, 0, 1, 0, 1, 1, 1, 1]
, allelies=[1, 1, 0, 0, 1, 0, 1, 1, 1, 0]
]
}, Chromosome{
genes=
[allelies=[1, 1, 0, 0, 0, 0, 1, 1, 1, 1]
, allelies=[0, 1, 0, 0, 0, 0, 0, 0, 1, 0]
, allelies=[0, 1, 1, 0, 0, 1, 1, 1, 1, 1]
, allelies=[1, 1, 1, 0, 0, 1, 1, 1, 1, 0]
, allelies=[0, 1, 1, 1, 1, 1, 1, 1, 0, 1]
, allelies=[0, 1, 1, 0, 0, 1, 1, 1, 1, 0]
, allelies=[0, 1, 1, 0, 0, 1, 1, 1, 1, 1]
, allelies=[0, 1, 1, 0, 0, 1, 0, 1, 1, 0]
, allelies=[0, 1, 0, 0, 1, 1, 1, 1, 0, 1]
, allelies=[1, 1, 0, 0, 0, 0, 0, 1, 1, 1]
, allelies=[1, 0, 1, 0, 0, 1, 0, 1, 0, 0]
, allelies=[0, 1, 1, 0, 0, 1, 1, 1, 1, 1]
, allelies=[1, 1, 1, 0, 0, 1, 1, 1, 1, 1]
, allelies=[1, 1, 0, 1, 1, 0, 0, 1, 1, 0]
, allelies=[0, 1, 1, 0, 0, 1, 0, 1, 1, 0]
, allelies=[1, 1, 0, 1, 0, 1, 0, 1, 1, 1]
, allelies=[0, 1, 0, 0, 0, 0, 1, 1, 1, 1]
, allelies=[0, 1, 1, 0, 0, 1, 1, 1, 1, 1]
, allelies=[0, 1, 1, 0, 0, 1, 1, 1, 0, 1]
, allelies=[1, 0, 1, 0, 1, 0, 0, 0, 0, 0]
, allelies=[1, 1, 1, 0, 0, 0, 1, 1, 1, 0]
, allelies=[0, 1, 0, 0, 1, 0, 0, 0, 0, 0]
, allelies=[1, 1, 0, 0, 1, 0, 1, 0, 1, 1]
, allelies=[1, 1, 1, 0, 0, 1, 0, 1, 1, 1]
, allelies=[0, 1, 1, 0, 0, 0, 1, 1, 0, 1]
, allelies=[1, 1, 0, 0, 0, 0, 0, 0, 0, 1]
, allelies=[1, 1, 1, 0, 0, 1, 0, 0, 1, 0]
, allelies=[0, 1, 1, 0, 0, 1, 0, 1, 1, 1]
, allelies=[1, 1, 1, 0, 0, 1, 0, 0, 0, 1]
, allelies=[0, 1, 1, 0, 0, 1, 0, 1, 0, 1]
, allelies=[1, 1, 0, 0, 1, 0, 0, 1, 1, 1]
, allelies=[0, 1, 1, 0, 0, 0, 0, 0, 0, 1]
]
}, Chromosome{
genes=
[allelies=[1, 0, 1, 0, 1, 0, 1, 1, 1, 1]
, allelies=[0, 1, 1, 0, 0, 1, 0, 1, 1, 1]
, allelies=[1, 0, 1, 0, 0, 0, 0, 1, 1, 1]
, allelies=[1, 1, 1, 0, 1, 0, 0, 1, 1, 1]
, allelies=[0, 1, 1, 0, 0, 1, 1, 1, 1, 1]
, allelies=[0, 1, 0, 0, 0, 0, 1, 1, 0, 0]
, allelies=[0, 1, 1, 0, 1, 0, 0, 0, 1, 1]
, allelies=[1, 1, 0, 0, 1, 0, 1, 1, 1, 1]
, allelies=[0, 1, 1, 0, 0, 1, 1, 1, 0, 1]
, allelies=[1, 1, 0, 0, 1, 0, 0, 1, 1, 1]
, allelies=[1, 1, 1, 0, 0, 1, 1, 1, 1, 1]
, allelies=[1, 1, 1, 0, 0, 1, 1, 1, 1, 0]
, allelies=[1, 1, 1, 0, 0, 1, 1, 1, 1, 1]
, allelies=[0, 1, 1, 0, 1, 0, 0, 0, 0, 1]
, allelies=[1, 1, 1, 0, 0, 1, 0, 1, 1, 1]
, allelies=[1, 0, 1, 0, 0, 1, 1, 1, 0, 0]
, allelies=[0, 1, 1, 0, 0, 0, 1, 1, 0, 1]
, allelies=[0, 1, 0, 0, 1, 0, 0, 0, 0, 0]
, allelies=[1, 0, 1, 1, 0, 0, 1, 1, 1, 0]
, allelies=[0, 1, 1, 0, 0, 1, 0, 1, 0, 1]
, allelies=[1, 1, 1, 1, 1, 1, 0, 0, 1, 1]
, allelies=[0, 1, 1, 0, 1, 0, 0, 0, 1, 0]
, allelies=[1, 1, 1, 0, 1, 1, 0, 0, 1, 1]
, allelies=[1, 0, 0, 0, 0, 1, 0, 1, 1, 1]
, allelies=[1, 1, 1, 0, 0, 1, 0, 1, 1, 0]
, allelies=[1, 1, 0, 0, 1, 0, 1, 0, 1, 1]
, allelies=[0, 1, 1, 0, 1, 1, 1, 1, 0, 1]
, allelies=[1, 1, 1, 0, 0, 1, 0, 1, 1, 1]
, allelies=[1, 1, 0, 1, 1, 0, 0, 1, 1, 0]
, allelies=[1, 1, 1, 1, 0, 0, 0, 1, 1, 1]
, allelies=[1, 1, 1, 0, 0, 1, 0, 1, 1, 1]
, allelies=[1, 0, 1, 0, 1, 0, 1, 1, 1, 1]
]
}, Chromosome{
genes=
[allelies=[1, 0, 1, 0, 1, 0, 1, 1, 1, 1]
, allelies=[0, 1, 1, 0, 0, 1, 0, 1, 1, 1]
, allelies=[1, 0, 1, 0, 0, 0, 0, 1, 1, 1]
, allelies=[1, 1, 1, 0, 1, 0, 0, 1, 1, 1]
, allelies=[0, 1, 1, 0, 0, 1, 1, 1, 1, 1]
, allelies=[0, 1, 0, 0, 0, 0, 1, 1, 0, 0]
, allelies=[0, 1, 1, 0, 1, 0, 0, 0, 1, 1]
, allelies=[1, 1, 0, 0, 1, 0, 1, 1, 1, 1]
, allelies=[0, 1, 1, 0, 0, 1, 1, 1, 0, 1]
, allelies=[1, 1, 0, 0, 1, 0, 0, 1, 1, 1]
, allelies=[1, 1, 1, 0, 0, 1, 1, 1, 1, 1]
, allelies=[1, 1, 1, 0, 0, 1, 1, 1, 1, 0]
, allelies=[1, 1, 1, 0, 0, 1, 1, 1, 1, 1]
, allelies=[0, 1, 1, 0, 1, 0, 0, 0, 0, 1]
, allelies=[1, 1, 1, 0, 0, 1, 0, 1, 1, 1]
, allelies=[1, 0, 1, 0, 0, 1, 1, 1, 0, 0]
, allelies=[0, 1, 1, 0, 0, 0, 1, 1, 0, 1]
, allelies=[0, 1, 0, 0, 1, 0, 0, 0, 0, 0]
, allelies=[1, 0, 1, 1, 0, 0, 1, 1, 1, 0]
, allelies=[0, 1, 1, 0, 0, 1, 0, 1, 0, 1]
, allelies=[1, 1, 1, 1, 1, 1, 0, 0, 1, 1]
, allelies=[0, 1, 1, 0, 1, 0, 0, 0, 1, 0]
, allelies=[1, 1, 1, 0, 1, 1, 0, 0, 1, 1]
, allelies=[1, 0, 0, 0, 0, 1, 0, 1, 1, 1]
, allelies=[1, 1, 1, 0, 0, 1, 0, 1, 1, 0]
, allelies=[1, 1, 0, 0, 1, 0, 1, 0, 1, 1]
, allelies=[0, 1, 1, 0, 1, 1, 1, 1, 0, 1]
, allelies=[1, 1, 1, 0, 0, 1, 0, 1, 1, 1]
, allelies=[1, 1, 0, 1, 1, 0, 0, 1, 1, 0]
, allelies=[1, 1, 1, 1, 0, 0, 0, 1, 1, 1]
, allelies=[1, 1, 1, 0, 0, 1, 0, 1, 1, 1]
, allelies=[1, 0, 1, 0, 1, 0, 1, 1, 1, 1]
]
}, Chromosome{
genes=
[allelies=[1, 0, 1, 0, 1, 0, 0, 0, 0, 0]
, allelies=[1, 1, 0, 0, 0, 0, 0, 1, 1, 1]
, allelies=[1, 1, 1, 0, 1, 1, 0, 0, 1, 1]
, allelies=[1, 1, 1, 1, 0, 0, 0, 1, 1, 1]
, allelies=[0, 1, 1, 0, 0, 1, 1, 1, 1, 0]
, allelies=[0, 1, 1, 0, 0, 0, 0, 0, 0, 1]
, allelies=[0, 1, 1, 0, 1, 0, 0, 0, 1, 1]
, allelies=[1, 0, 1, 0, 1, 1, 0, 1, 0, 0]
, allelies=[1, 1, 0, 0, 0, 0, 1, 1, 1, 1]
, allelies=[0, 1, 1, 0, 0, 0, 1, 1, 0, 1]
, allelies=[1, 1, 1, 0, 0, 1, 0, 1, 1, 0]
, allelies=[1, 0, 1, 1, 1, 1, 0, 1, 1, 1]
, allelies=[1, 1, 1, 0, 0, 1, 1, 1, 1, 1]
, allelies=[1, 0, 1, 0, 1, 1, 1, 1, 1, 0]
, allelies=[0, 1, 0, 0, 1, 0, 0, 0, 1, 1]
, allelies=[1, 1, 1, 1, 0, 1, 0, 1, 0, 1]
, allelies=[1, 1, 1, 0, 0, 1, 0, 1, 1, 1]
, allelies=[1, 1, 1, 0, 0, 1, 0, 1, 1, 1]
, allelies=[0, 1, 1, 0, 1, 0, 0, 0, 0, 1]
, allelies=[1, 0, 1, 0, 0, 0, 0, 1, 1, 1]
, allelies=[1, 1, 1, 0, 0, 1, 0, 0, 1, 0]
, allelies=[0, 1, 0, 0, 0, 0, 1, 1, 0, 0]
, allelies=[1, 1, 1, 0, 0, 1, 1, 1, 0, 1]
, allelies=[1, 0, 1, 1, 0, 0, 0, 1, 0, 1]
, allelies=[1, 1, 0, 0, 1, 0, 1, 1, 0, 0]
, allelies=[1, 1, 0, 0, 1, 0, 1, 1, 0, 1]
, allelies=[1, 1, 0, 0, 1, 1, 1, 0, 1, 1]
, allelies=[1, 1, 0, 0, 1, 1, 1, 1, 0, 1]
, allelies=[0, 1, 0, 0, 0, 0, 1, 1, 1, 1]
, allelies=[0, 1, 0, 1, 0, 1, 1, 1, 1, 1]
, allelies=[1, 1, 0, 0, 0, 1, 1, 1, 0, 0]
, allelies=[1, 1, 0, 0, 0, 1, 1, 0, 1, 0]
]
}, Chromosome{
genes=
[allelies=[1, 0, 1, 0, 1, 0, 0, 0, 0, 0]
, allelies=[1, 1, 0, 0, 0, 0, 0, 1, 1, 1]
, allelies=[1, 1, 1, 0, 1, 0, 0, 0, 1, 1]
, allelies=[1, 1, 1, 1, 0, 0, 0, 1, 1, 1]
, allelies=[0, 1, 1, 0, 0, 1, 1, 1, 1, 0]
, allelies=[0, 1, 1, 0, 0, 0, 0, 0, 0, 1]
, allelies=[0, 1, 1, 0, 1, 0, 0, 0, 1, 1]
, allelies=[1, 0, 1, 0, 1, 1, 0, 1, 0, 1]
, allelies=[1, 1, 1, 0, 1, 0, 0, 1, 1, 1]
, allelies=[1, 0, 1, 0, 1, 1, 1, 1, 0, 1]
, allelies=[1, 1, 1, 0, 0, 1, 0, 1, 1, 0]
, allelies=[1, 0, 1, 1, 1, 1, 0, 1, 1, 1]
, allelies=[1, 1, 1, 0, 0, 1, 1, 1, 1, 1]
, allelies=[1, 0, 1, 0, 1, 1, 1, 1, 1, 0]
, allelies=[0, 1, 0, 0, 1, 0, 0, 0, 1, 1]
, allelies=[1, 1, 1, 1, 0, 1, 0, 1, 0, 1]
, allelies=[1, 1, 1, 0, 0, 1, 0, 1, 1, 1]
, allelies=[1, 1, 1, 0, 0, 1, 0, 1, 1, 1]
, allelies=[0, 1, 1, 0, 1, 0, 0, 0, 0, 1]
, allelies=[1, 0, 1, 0, 0, 0, 0, 1, 1, 1]
, allelies=[1, 1, 1, 0, 0, 1, 0, 0, 1, 0]
, allelies=[0, 1, 0, 0, 0, 0, 1, 1, 0, 0]
, allelies=[1, 1, 1, 0, 0, 1, 1, 1, 0, 1]
, allelies=[1, 1, 1, 0, 0, 0, 0, 1, 1, 1]
, allelies=[0, 1, 0, 0, 1, 1, 1, 1, 0, 1]
, allelies=[1, 0, 1, 1, 0, 0, 1, 1, 1, 0]
, allelies=[1, 1, 0, 0, 0, 0, 1, 1, 1, 0]
, allelies=[0, 1, 1, 0, 0, 1, 1, 1, 1, 1]
, allelies=[1, 1, 0, 0, 1, 0, 1, 0, 1, 1]
, allelies=[0, 1, 1, 0, 0, 1, 1, 1, 1, 1]
, allelies=[1, 1, 1, 0, 0, 1, 1, 1, 1, 0]
, allelies=[0, 1, 0, 0, 1, 0, 0, 0, 0, 0]
]
}]}

Class 1 Fitness 0.5466292134831461 Accuracy 0.7808988764044944